29.49472360703611 35.87568040234328
29.601043812776616 40.8693327277206
29.707567242478852 45.87253008550294
29.81390649585109 50.86707704092602
29.920539106384336 55.87540240901333
30.02701203292912 60.876227732167685
30.13320423428523 65.86386794171696
30.239575143686636 70.85990171897772
30.34591581108614 75.85451508849879
30.45247563254471 80.85942169597035
30.558963001192083 85.8609253364652
30.66528678985643 90.8547459447751
30.771694073463024 95.85248814738185
30.878146760829665 100.85236287588421
30.49461380986881 67.42212085415078
35.48100714998285 67.29469212230055
40.48746099552991 67.1667507384004
45.47419111075011 67.03931340016439
50.483523264672456 66.91129846025669
55.474531653999854 66.78375178948176
60.474735076090454 66.65597013697065
60.88902718375062 38.08192694245278
60.97007198959349 43.07329661389923
61.05130673077974 48.07636398148459
61.1325812752551 53.08188274528344
61.213838466445395 58.08633275877927
61.29482575455011 63.0741600404221
61.37600378735751 68.07373486484892
61.45709229979664 73.0677963285288
61.53833700111397 78.07147711847678
61.61968190495035 83.08132915912162
61.70071805046743 88.07216546032853
61.78196670774534 93.07608988910579
61.86314220826563 98.07550875559035
120.75853653860855 65.51652608209325
115.7618550442213 65.53526900754629
110.7660774370081 65.55400854245106
105.76296025048606 65.57277560866595
100.77181600398343 65.59149776348865
95.77028677575046 65.6102588731534
90.75953553554712 65.62905457527378
86.98920206298746 66.86726199656238
87.01597850600307 71.86042511510414
87.04280801923476 76.86348455354113
87.06961227732708 81.86183451542821
87.09643888885955 86.8643528566943
87.12320247968255 91.85511935018837
87.15002329738412 96.85655728123051
121.15979876834106 101.45765409921646
116.1689991336159 101.5093249724326
111.17480202791315 101.56103102043136
106.15880102182007 101.61296280912399
101.17306083802987 101.66458130070453
96.17361325867329 101.71634170804013
91.17554817636997 101.76808780207222
