196.04 345.9570334851742
196.04 350.944403267873
196.04000000000002 355.9537579771624
196.03999999999996 360.94869279555917
196.04 365.95113251993007
196.04 370.9577750778408
196.04 375.949405699771
196.04 380.9544875009553
196.04 385.9474056113924
196.04 390.94767328147555
196.04 395.9523178750993
196.04 400.9403133914222
196.03999999999996 405.9508623301983
196.04 410.9461731908261
196.04 415.9600100999205
196.04 420.94427656242624
196.04 425.9502223512892
196.04000000000002 430.94499121629724
196.04 435.9515529298471
196.04000000000002 440.9496109633742
196.04 445.9584740273931
196.04 450.9532793486942
196.04 455.95856584723805
196.04 460.95244449319125
196.03999999999996 465.9546348332151
196.04 470.95650441076486
196.04 475.95083960424944
196.04 480.9559393324889
196.04 485.9549295368066
196.04 490.95277559676305
196.04 495.95871958909555
195.0793840186298 500
190.09498943524434 500
185.09756095182382 500
180.09352345248683 500
175.08692045807837 500
170.09476602664216 500
165.09097391273738 500
160.0851375579834 500
155.0976313319616 500
150.09405921748606 500
147.95 497.14067672818896
147.95 492.14576098152065
147.95 487.147676316984
147.95 482.14114783119413
147.95 477.1370742007632
147.95 472.1449953662502
147.95 467.139156287667
147.95 462.1325162069547
147.95 457.13007803281533
147.95 452.1395837515732
147.95 447.1317040269086
147.95 442.1371865639091
147.95 437.1329306232239
147.95 432.1401260274881
147.95 427.1379452287793
147.95 422.14155171566273
147.95 417.13700260718946
147.95 412.1357783051674
147.94999999999996 407.13411124136303
147.95 402.1413456664304
147.94999999999996 397.1364238857391
147.95000000000002 392.1415222878918
147.95 387.1486174562988
147.95 382.1486350384012
147.95 377.1316067222954
147.95 372.13385691020926
147.95 367.12928545931686
147.95 362.13836078620534
147.95 357.13380881215545
147.95 352.1356998884009
147.94999999999996 347.132046250476
147.95 342.14285332451703
147.95 337.1395825467845
147.95 332.1420472368488
147.95 327.13761617649396
147.95 322.1298291842686
147.95 317.138480420479
147.95 312.1345832024044
147.95 307.13793801518716
147.95 302.13591826763
147.95 297.13222123345435
147.95 292.14666346455306
147.95 287.13493538697657
147.95 282.13321005417964
147.95 277.14550509405154
147.95 272.14457421324624
147.95 267.13534331159536
147.95 262.1383697199949
147.95 257.1433403404741
147.95 252.1407786187654
147.95 247.13708455328646
147.95 242.13900440317835
147.95 237.13917402144725
147.95 232.13154084134848
147.95 227.13950461501577
147.95 222.13119269992714
147.95 217.14580778596974
147.95 212.14246072912286
147.95 207.13740811852523
147.95 202.13589231160046
147.95 197.1461926631281
147.95 192.13407986009028
147.95 187.14298603214345
147.95 182.14428676548414
147.95 177.1464570925805
147.95 172.1371274162404
147.95 167.1351672949968
147.95 162.13838999568645
147.95 157.13648384130465
147.95 152.13808190194854
147.95 147.1422761445865
150.59300505062274 144.78000000000003
155.58915996819795 144.78
160.594297157262 144.78
165.5866674405999 144.78
170.60028167371254 144.77999999999997
175.59029658537764 144.78
180.5930772072791 144.78000000000003
185.5962616978353 144.78
190.5908811654122 144.78000000000003
195.58402944093103 144.78
200.59414552187485 144.78
205.6001502894936 144.78
210.58397353146225 144.78
215.60041521270372 144.78
220.59889164325722 144.78
225.59847447679311 144.78
230.59226723625943 144.78
235.59168799478036 144.78
240.5999345992878 144.78000000000003
245.58802308379032 144.78
250.59309223343843 144.78
255.5983503253487 144.78
260.59146708576117 144.78
265.58490186505486 144.78
270.59844668826497 144.78
275.5931054052105 144.78
280.5945665937662 144.81065594851972
285.58622859537604 144.93888635337353
290.57867491304876 145.17324145019055
295.5646434694528 145.52053058803082
300.549504134804 145.98907617613673
305.5122438073158 146.5852238154411
310.45724319517615 147.31822341144087
315.38737500727177 148.19873885810375
320.2695746999979 149.23105838000774
325.1288494087756 150.43180636450649
329.9427701240778 151.80865605056286
334.6900943374634 153.36816814422608
339.37081854104997 155.12370344877243
343.973595739007 157.08590157210827
348.46842014312745 159.25618267059326
352.86347184181216 161.65359164237975
357.1131219869852 164.26748271167278
361.2260341477395 167.11644743680955
365.16202603399756 170.1847330302
368.9213437819481 173.48444929599762
372.480424489975 177.0095740699768
375.80584258079523 180.73683847427367
378.8947378897667 184.66842203617094
381.7338418197632 188.7903537750244
384.3042626166344 193.06886568546295
386.61169860839846 197.4996154785156
388.65423018455505 202.059983921051
390.4402398276329 206.74358332157132
391.9665116858483 211.50470018863678
393.24657653808595 216.3330236816406
394.29369014739996 221.2184525299072
395.12083326101305 226.15109503269196
395.74071161031725 231.1212690591812
396.1642359900475 236.0965782403946
396.4066624450684 241.0894790649414
396.4797242259979 246.0901564335823
396.345850417614 251.0833777266741
395.9554974246025 256.0697631627321
395.2948527145386 261.01577496528625
394.3444061279297 265.93845291137694
393.1025651550293 270.7702605056763
391.552807188034 275.52971665620805
389.70167590141295 280.1666626858711
387.5449223327637 284.67899494171144
385.09073458671566 289.0440681195259
382.3668534851074 293.22221820831294
379.3773306751251 297.22384340286254
376.13972916841504 301.0392385911941
372.67562359809875 304.653512134552
369.0115515613556 308.0548755073547
365.1587311291695 311.25045265674595
361.14958938598636 314.23219512939454
356.99856024980545 317.00926907062535
352.7197784900665 319.59065065383913
348.3270797276497 321.98512608051306
343.8469677478075 324.19520586133007
341.9061447525024 326.12364257574086
346.5940628433228 327.8323551535607
351.20816806793215 329.77313190221787
355.69946670532227 331.9512960720062
360.069260597229 334.39575954198835
364.2699783706664 337.11082454442976
368.2691990756988 340.1048409312963
372.0370753479004 343.384311132431
375.5465003967285 346.9537702846527
378.75108422279357 350.7868261903524
381.63697891235347 354.8784962368011
384.18249505758286 359.1722423863411
386.44360159873963 363.62683194160456
388.42512892723084 368.2102536487579
390.13807195425034 372.9138128590584
391.5863491439819 377.7036589431762
392.78122646272175 382.5555069285631
393.7405668234825 387.4706070065498
394.4743572705984 392.41030958473675
395.0002805227041 397.3760073500871
395.33348130643367 402.37110000431534
395.48628995656964 407.3704608845711
395.5 412.35914769673724
395.5 417.3683881754219
395.5 422.36460972833186
395.5 427.3690020628087
395.5 432.36652635516396
395.5 437.3651526815421
395.5 442.3711878080666
395.5690905737877 447.3610775637627
395.81921260833735 452.3648081588745
396.26658065795897 457.3311650085449
396.93359374999994 462.28796875
397.841923789978 467.21508281707764
399.0069882106781 472.0657601451874
400.50661507606503 476.82915184020993
402.4614556980133 481.43587852478026
404.89551583290097 485.80054344177245
407.81617165565484 489.85196678161617
411.2144523715973 493.5338240814209
411.86 498.2418067765236
408.60822998046876 500
403.62054052822293 500
398.61139270187357 500
393.6168225499242 500
388.6218143901101 500
383.60552154541017 500
378.613611514984 500
373.6079441151768 500
368.6145481532847 500
363.612844276866 500
359.67413958549497 497.4192129039764
356.618197479248 493.4565873718261
354.1703050518036 489.09844721794116
352.2937566637993 484.4804462885856
350.9109815597534 479.6725492477417
349.9556340026855 474.7707809066772
349.2220036315918 469.82920192718507
348.6145254039764 464.85865285635
348.1333660888672 459.8757627868652
347.77712444305416 454.89772833824156
347.54170024871826 449.9093440914154
347.4247625732422 444.911453704834
347.41 439.8994505819236
347.41 434.9103499186295
347.41 429.8959075692645
347.41 424.90941260740163
347.41 419.8948688404891
347.41 414.8945472308691
347.40999899566174 409.89593328714375
347.27838749647145 404.9054011631012
346.8659539794922 399.91931884765626
346.14565462827676 394.96979363441466
345.092629057765 390.0874763321877
343.6844313120842 385.3014071750641
341.8918281173706 380.6170191955567
339.7260529971123 376.1252906131744
337.1769340133667 371.83300674438476
334.24874964714047 367.7654483413696
330.9851163005829 363.97792484283445
327.4064810562134 360.4817634391785
323.54394775390625 357.33343627929685
319.39109924316404 354.5449826049804
315.0038485813141 352.15783439159395
310.40788955688475 350.17499687194817
305.6568377017975 348.59906871318816
300.8132641601562 347.4189343261719
295.8716745376587 346.60065595626827
290.9014278507232 346.1227233457565
285.89692569732665 345.9513580131531
280.9073840723932 345.95
275.900392934645 345.95
270.9061484175475 345.95
265.89999119654294 345.95
260.9081340198524 345.94999999999993
255.90803185521247 345.94999999999993
250.89903304551757 345.95000000000005
245.9127588379313 345.95
240.89998491886797 345.95
235.90146594408753 345.94999999999993
230.90880113383753 345.95
225.90428726380836 345.95
220.9020601293002 345.95
215.89961773366434 345.95
210.89629738494753 345.95
205.90156841287387 345.95
200.90784140393137 345.95
196.1838914179802 308.11
201.1822950926423 308.10999999999996
206.1680134692788 308.11
211.17308619737625 308.11
216.1717798898742 308.11
221.1746328150976 308.11
226.16819473981855 308.11
231.17984421434056 308.11
236.17907262584663 308.11
241.18344444520307 308.11
246.17734357936774 308.11
251.17752486791755 308.11
256.17663205999884 308.11
261.17712009799203 308.11
266.18573067497465 308.11
271.1755248603225 308.11
276.169898788929 308.0623630863429
281.1686452412605 307.8871283203364
286.1560558629036 307.5689781910181
291.14385619401935 307.0888316780329
296.0877724075317 306.4301454257965
301.02271015167236 305.56253586769105
305.8959387683868 304.46371685266496
310.69733108520506 303.09976779937745
315.41997483491895 301.42542952597137
319.9962868118286 299.4083299350739
324.3810198688507 297.00422121286397
328.5030648517608 294.17833688974383
332.28221977233886 290.92007232666015
335.6820653104782 287.27159509658816
338.67908994674684 283.2584683990479
341.2291184568405 278.96468744277956
343.3447387266159 274.4326433753967
345.037533493042 269.73481353759763
346.34361112594604 264.90388465881347
347.2935153198242 259.9985021972656
347.9268264853954 255.0389978647232
348.2785612297058 250.04157203674316
348.37954131543637 245.05243136584758
348.2383788007498 240.05929075896742
347.82421056210995 235.07285706698895
347.1077109503746 230.13056486845016
346.0522372055054 225.23154125213622
344.63313581228255 220.4389190363884
342.8251104730367 215.78700399100782
340.6054984259605 211.30805693387984
337.97423726499085 207.06077866733074
334.9451852965355 203.0930605006218
331.5380846786499 199.4335618209839
327.78578857421877 196.13920898437502
323.70046875 193.24937500000001
319.34992565155034 190.76831283569334
314.81634567260744 188.68736267089844
310.1168082714081 186.9614376449585
305.31529735565186 185.56676254272463
300.4515536785126 184.46957820892334
295.5174188685417 183.6309478664398
290.5586741161346 183.02727016448975
285.57230648756024 182.63052641868592
280.5660613131523 182.418848028183
275.57661359850556 182.37
270.57063965120096 182.37
265.57602245077493 182.37
260.57151645971607 182.37
255.57270682275615 182.37
250.56249620715158 182.37
245.57478241460402 182.37
240.56680677294733 182.37
235.57264569311704 182.37000000000003
230.57417341980732 182.37
225.56951805948373 182.37
220.5692112556202 182.37
215.56944966138545 182.37
210.57230398258213 182.37
205.57892954488545 182.37
200.57349785000318 182.37
196.04 182.83788140003105
196.03999999999996 187.8334794579324
196.04 192.84734549221992
196.04 197.8354371173292
196.04000000000002 202.8346206972957
196.04 207.83429357005642
196.04 212.82819871772438
196.04 217.83496325148715
196.04 222.84705631494523
196.04 227.83167787387814
196.04 232.83399810109347
196.04 237.8416466988152
196.04 242.84605166655035
196.03999999999996 247.84101598737303
196.03999999999996 252.84424972255272
196.03999999999996 257.8382225019008
196.04 262.83712081175884
196.04 267.83871614107363
196.04 272.8335185733298
196.04000000000002 277.83212526176123
196.03999999999996 282.83477599630197
196.04 287.8378645196138
196.04 292.83320102415576
196.04 297.84683925405204
196.04 302.8473018804792
196.04 307.8331012558937
