2.9358324312389845   4.006707156542121
2.7565684721540435   3.9174047929857947
2.5777599711392973   3.828329321005314
2.3987318078536184   3.73914442178648
2.219615878282003   3.649915800802188
2.0407271204038304   3.560800347959785
1.8615617790290102   3.4715471119282943
1.6827329894312335   3.382461532961293
1.5035354181481777   3.293192241237418
1.324500001148576   3.2040037284991643
1.1454488143291561   3.114807359847263
0.9666478503188838   3.0257356425105852
0.7874712457189483   2.93647679557644
0.6084735772406216   2.847307087689914
0.4294212753427038   2.7581101635490777
0.2502724527559961   2.6688651565382395
0.07125460269408013   2.5796853949681724
-0.10387446582950677   2.6593757971507364
-0.2788204638297227   2.756285676651239
-0.4537606368107383   2.8531923294308337
-0.6289250337304821   2.950223189195051
-0.8036414491572468   3.047005893339823
-0.9785246582405107   3.1438809914423755
-1.1537098844396345   3.2409233894125427
-1.328529497930512   3.337763259266004
-1.5036389117429776   3.434763661595574
-1.6785176698706876   3.531636294128341
-1.8533683924097661   3.6284933965801303
-2.0282485413494067   3.7253667995415922
-2.2033627198268064   3.822369841217646
-2.3784027391169826   3.919331803029171
-2.5532712171780574   4.016198741004589
-2.72830274426724   4.113155998632055
-2.9030519684441005   4.209956876910874
-2.9115967982445463   4.0669053513045474
-2.8820805308389428   3.8689515025919627
-2.85257700174245   3.671083084644729
-2.823101223402045   3.4734007799650284
-2.7935869329271705   3.2754601897394062
-2.764140317206968   3.077973467137485
-2.734639718565785   2.8801247025867687
-2.7051157568272313   2.682119251047861
-2.6755999534377435   2.4841685143065435
-2.6461353587522214   2.2865612139455225
-2.6166386624825044   2.088738621045853
-2.5871377436380674   1.890887709019455
-2.5576223359987513   1.6929396264169059
-2.5281436906431987   1.4952380938085845
-2.498667902468276   1.297555723172688
-2.4691466686933667   1.0995685669993556
-2.4396854372615078   0.9019838226410171
-2.53706517999739   0.748278341563803
-2.683145054265172   0.6119798653322546
-2.829588175283778   0.4753424650779321
-2.975744573328227   0.33897258904399763
-3.1219096690841237   0.20259459769080568
-3.2681084229171633   0.06618520197989053
-3.4144038016075955   -0.07031434866095232
-3.5605613561812537   -0.2066853037837726
-3.7068488705258007   -0.34317751666939156
-3.853050427449296   -0.47958952777794117
-3.999363591362461   -0.6161056727564374
-4.145690577838152   -0.7526347147491146
-4.2917545342117105   -0.8889183389366115
-4.43790293037545   -1.025280748889723
-4.584419108120099   -1.1619863140468993
-4.730397839222768   -1.2981904195832685
-4.876744593067412   -1.4347379053368057
-4.806990528362773   -1.5061356797751344
-4.609618141352535   -1.5392328122973993
-4.41249653361618   -1.5722878919520502
-4.215202708097575   -1.605371850594529
-4.018053083731484   -1.6384316283233185
-3.8206086075288184   -1.6715408493934873
-3.6232542977748996   -1.7046349505629017
-3.4261163023493877   -1.7376927782489666
-3.228878463651899   -1.7707673485303568
-3.0315338684587934   -1.8038598206770313
-2.834409017159164   -1.8369154442408142
-2.637263278663394   -1.8699745703527952
-2.439808533483691   -1.9030855134150775
-2.242779553237268   -1.9361250604800082
-2.0452374579297175   -1.9692506511776608
-1.848037359943798   -2.0023188927656044
-1.650982440463833   -2.0353627895486657
-1.5140424324643953   -2.1481027050665897
-1.4296132623225066   -2.329028823142572
-1.3450202462044945   -2.510306052290386
-1.2603988536007642   -2.691644090367114
-1.175889568979628   -2.8727418884644367
-1.0912657797749956   -3.0540850622981233
-1.006650234738761   -3.235410569425118
-0.9221368921063648   -3.4165170635717255
-0.8374784097777201   -3.597934582471704
-0.7529417598117849   -3.7790910226899435
-0.6683963695753947   -3.960266192728716
-0.5837254500784317   -4.141710363656424
-0.49925679250302135   -4.322721100686352
-0.4147251639199512   -4.503866780413785
-0.33010357513498256   -4.685205238893909
-0.2455149644935366   -4.866473027397311
-0.16094725852160696   -5.047696018578897
-0.07284163897662665   -5.069807900654108
0.019603704600804406   -4.892367938627326
0.11201407978799782   -4.714995095068554
0.20434224760451603   -4.537780040665694
0.2967488696149374   -4.360414400969422
0.3891564760740245   -4.183046871718449
0.48159185139474836   -4.005626042803437
0.5740508117478642   -3.8281599446829673
0.6663492743813242   -3.651001906527221
0.7587642448747589   -3.47362024271928
0.8512972632658746   -3.296011997304615
0.9436740797933156   -3.11870356637153
1.03613296158054   -2.9412376190507468
1.1285071147480528   -2.7639343001813534
1.2208087571556394   -2.5867701587544363
1.3133130598461413   -2.409217030370326
1.4056711355013114   -2.2319445707423964
1.5353622352436362   -2.108219698044884
1.7340281198285723   -2.083769902552011
1.9323216361553204   -2.0593659343927007
2.1309434419824074   -2.0349215636692453
2.3295303265903247   -2.0104814906976083
2.5278739581195433   -1.9860713548640954
2.7263639796407   -1.9616432028252708
2.9248909776343854   -1.937210500094749
3.1233176161314065   -1.9127901485999441
3.321910323528231   -1.8883493590181146
3.5203767537484723   -1.863924110358922
3.7187887433200952   -1.8395055617062646
3.9174392086631045   -1.8150576638583367
4.115860835915139   -1.790637929097075
4.3144287963958465   -1.7662001851163538
4.513042846744208   -1.741756768859081
4.711199551516657   -1.717369638087482
4.822435110333357   -1.6623730712092177
4.68225219091158   -1.5196257900512924
4.542096046008407   -1.3769057731973993
4.402100657437909   -1.23434945338672
4.261915835701682   -1.0916002351153686
4.121643268824865   -0.9487616665843284
3.981585881478418   -0.8061422138560399
3.8415088131341637   -0.6635027201060728
3.7013287989189685   -0.5207583972995806
3.561090369474295   -0.37795459067565584
3.4212112027782844   -0.23551661878255903
3.280965361918051   -0.09270526516628319
3.1409307851958728   0.04989095966370449
3.000706214015361   0.19268065451467553
2.8605565665084223   0.33539405511566933
2.720534396909976   0.4779776458587994
2.5802925086769024   0.620784974542631
2.4696866749854083   0.7725465898356729
2.507730465916853   0.9685590716439885
2.5458387180482625   1.1649036759741502
2.583951602661256   1.3612721481731755
2.62205803202468   1.5576073610818408
2.6602069976843117   1.754161733143217
2.698266777438638   1.9502565939357792
2.736390839246834   2.146682654238341
2.774473391316959   2.3428948445090443
2.812615686958816   2.5394148507328973
2.850704420114048   2.7356588877203043
2.8888258894435923   2.932071590832055
2.9269524128198166   3.128510333836494
2.9650570986355467   3.324836563489213
3.0031859340962965   3.521287219013799
3.041242195590322   3.717363952723958
3.0793280600574793   3.913593209410677
