194.11000000000004 103.78841905593873
194.11 108.77026446256787
194.11 113.78058643787634
194.11 118.78630947202444
194.11 123.78394620448351
194.11 128.78385230779648
194.11 133.78578818270762
194.11 138.78193494777662
194.11 143.7785683797911
194.11 148.78748470891267
190.33753568271177 150
185.32101199494676 150
180.33752372384072 150
179.68 145.65705152528594
179.68 140.65931472448256
179.68 135.65517161908997
179.68 130.65464455926366
179.67999999999998 125.65089616171463
179.67999999999998 120.65012533899124
179.68 115.65722996509199
179.68 110.65786567974108
179.68 105.65349580121459
179.68 100.65354148389858
179.68 95.64181926423011
179.67999999999998 90.65794809829703
179.68 85.6449408307405
179.68 80.64689786527056
179.68 75.65753205477056
179.68 70.64964659444831
179.68 65.64084289988503
179.68 60.64111703986913
179.68 55.654934053421016
179.68 50.650324123831524
179.68 45.65586590766907
182.45601680755615 43.43000000000001
187.4680578615237 43.43
192.45283674567008 43.43
197.45475501410664 43.43
202.46852873146534 43.43
207.46357829216984 43.43
212.45939670197666 43.43000000000001
217.45592645026744 43.43
222.46373794555663 43.54764194488525
227.42991997718812 44.038233530521396
232.34075744628905 44.99796646118164
237.10138065338134 46.531913385391235
241.57135979652406 48.739761698246
245.58724609375003 51.69186523437501
248.95877813339234 55.38958144187927
251.49239294052126 59.69730010032654
253.14743005275727 64.40048660039902
254.01770727157594 69.32650389671326
254.2349998855591 74.30874209403991
253.70806537628175 79.27396693229676
252.21703125 84.0319921875
249.7224671936035 88.37063827514649
246.39381626129148 92.06815151214602
242.4167623233795 95.09457922935485
238.0102206802368 97.46885646820068
241.55624999999998 99.3575
245.77220283508302 102.02371475219726
249.21728593826293 105.62216281890869
251.6354553222656 109.98900802612305
253.1306799316406 114.74845260620116
253.8378479003906 119.6888066101074
253.94999999999996 124.69305987253784
253.95 129.6864453125
253.98867187500002 134.69164062500002
254.54956512451173 139.6573208618164
256.0289413833618 144.41031242370607
258.86 148.455810546875
255.4111474609375 150
250.40411099256946 150
245.41579811215402 150
241.79111206054685 147.20736694335938
240.29247619628907 142.4529656982422
239.7009571838379 137.49466598510742
239.52000000000004 132.48826618432997
239.52 127.49782892227174
239.5162242126465 122.50001968383789
238.94676901817323 117.53065735816955
237.22707607269288 112.85637943267821
234.27141830444336 108.85576416015624
230.27156612396237 105.88135314941405
225.57508480072022 104.22716369628907
220.6002341021597 103.78000000000002
215.59115228870886 103.78000000000002
210.59290327088908 103.78
205.59652451293542 103.78
200.59995314598086 103.78
195.58961065992713 103.78
197.6335200780444 92.43
202.63097786143425 92.43
207.61571227969603 92.43
212.62817034645005 92.43
217.62459667205812 92.42487361907959
222.60942164421078 92.12791159629822
227.52587946891782 91.21701224327087
232.15865679740904 89.36764815330505
235.982783203125 86.207978515625
238.4830067825317 81.88480564117431
239.6265394973755 77.04239109039307
239.7786177444458 72.04075560569763
239.00032550811767 67.11960478782653
236.98651233673095 62.559784460067746
233.6587931060791 58.86346889495849
229.30247467041016 56.432182464599606
224.47939086914062 55.16953063964843
219.4932558631897 54.725337514877324
214.50343750000002 54.71
209.5028054610896 54.71
204.50052574157715 54.71
199.5041362030618 54.71
194.50934983149173 54.709999999999994
194.11 59.316341974576936
194.11 64.32594627916814
194.11 69.3205267207045
194.11000000000004 74.31575487094932
194.11 79.31678611393087
194.11 84.3149481208902
194.11 89.3111229493469
325.0685745239258 149.99298908233644
324.155 145.08749999999998
323.5529321289062 140.12885498046876
321.6152726745605 140.50103576660155
318.08759410858147 144.02473037719727
314.0701368331909 147.00047744750975
309.6744005203247 149.36308101654052
304.9197897052765 150.90154112815856
299.95881702423094 151.52400630950928
294.96308769226073 151.3569423675537
290.05174421310426 150.52856969833374
285.34207090377805 148.83391408920286
281.16142021179195 146.12907371520996
277.79144016265866 142.4585027694702
275.42154564857475 138.05746596336365
274.09786728858944 133.25091910362244
273.6538683414459 128.27107832908632
274.0332485198975 123.30268232345581
275.50653686523435 118.52961395263671
278.135387802124 114.28836057662963
281.70228118896483 110.81681083679199
285.90174147605893 108.11281189918517
290.4820208740234 106.12689514160155
295.3115264511108 104.77598392486571
300.23679938316343 103.97006966590881
305.212045507431 103.60416680335999
310.21279589712617 103.56
315.21820340238514 103.56
320.2110938644409 103.56
323.46 101.80279516384005
323.46 96.8023103414476
323.08048244476316 91.82838443756103
321.2524947738647 87.19891605377197
317.8522928237915 83.57065452575684
313.3667384338378 81.43104827880859
308.4349085330963 80.66667364120484
303.4420416259765 80.92866500854493
298.69790039062497 82.39506591796874
294.65275207519534 85.30482894897462
292.0235528564453 89.5003123474121
289.78996285846455 92.72
284.79635405540466 92.72
279.7818109226227 92.72
277.67507110595704 89.78736309051514
278.9690774536133 84.97134593963624
281.5651831817627 80.71891451835633
285.01558624267574 77.10804454803467
289.016693470478 74.12052882432937
293.4678929519653 71.86784015655518
298.23785595893855 70.35687474250794
303.16777664184565 69.53167678833009
308.1577874755859 69.29023517608644
313.13710556030276 69.55920475959778
318.05895004272463 70.41508893013001
322.80737777709965 71.97414959907532
327.21689315795896 74.31446522712707
331.1181217575073 77.44676258087158
334.2268437194824 81.3491682434082
336.35343585014346 85.84943257331848
337.5246990966797 90.70122375488282
337.8896163463593 95.6940522480011
337.89 100.68365566560999
337.89 105.69714819908143
337.89000000000004 110.69192957706517
337.89 115.6904889537557
337.89000000000004 120.6834838104248
337.89 125.69099997705082
337.89 130.6936695979722
337.90712203979496 135.69547283172608
338.17490966796873 140.6820623779297
338.8488050842285 145.63907012939453
339.44524848937994 150
334.4452088887989 150
329.4310165411048 150
301.7453276538849 139.4435394001007
306.71110806465146 138.89794346809387
311.4840802001953 137.41310852050782
315.85476779937744 135.0246085357666
319.73202396392827 131.87101295471192
322.7151177978516 127.87448852539062
323.46 123.04675126150251
323.46 118.03656700015068
323.19250005081295 113.31
318.18119066575537 113.31
313.1836850815825 113.31
308.186832228899 113.31
303.193197479248 113.57586776733399
298.3588354492187 114.77726318359376
293.9885546875 117.1683984375
290.4730047607422 120.7095732116699
288.39232833862303 125.22199657440186
288.2295639801025 130.17461109161377
290.0045426177978 134.80190509796142
293.77830993652344 138.01538772583007
298.584740600586 139.31841384887696
371.7207465362549 70.75854530334472
372.15531980386004 75.7329325121455
372.59019261645153 80.71074849316851
374.56103302001947 79.94476779937744
377.9373196411133 76.26113956451415
381.9100271606446 73.23026706695556
386.3727283191681 71.00568325042725
391.18867694854737 69.70589706420898
396.1707597732544 69.29011947631837
401.160955247879 69.5905862236023
406.0463793945312 70.6248388671875
410.64550877571105 72.54888395309449
414.7113829421997 75.42314628601075
418.01872287750246 79.16550449371339
420.38961380243296 83.56108227014542
421.91760613441465 88.3237448978424
422.7728976821899 93.24038242340089
423.1174466323853 98.2299606704712
423.14 103.22341112513095
423.14 108.22576985715249
423.14 113.22034544993659
423.14 118.2329816233
423.14000000000004 123.23277235031128
423.14 128.2241905797896
423.14 133.22232224460868
423.14 138.22511660668943
423.14 143.22807114026045
423.14 148.2197617173195
419.91958686759693 150
414.9133631134033 150
409.91547413691876 150
408.71 146.20087087893626
408.71000000000004 141.19517887598136
408.71 136.19696108407837
408.71 131.19921931147576
408.71 126.20919127348607
408.71 121.19785693355516
408.71 116.21008172513916
408.71 111.19883998415753
408.71 106.19456713366088
408.71 101.19719351204111
408.53422166824333 96.209666223526
407.66689826965325 91.28348026275636
405.6385913848877 86.73464908599854
402.0262040710449 83.35243637084962
397.3764471435546 81.55258728027344
392.41794039726256 81.01352095603943
387.4477789306641 81.4362809753418
382.7174952697754 83.01434398651124
378.54038360595706 85.73100524902344
375.1022927856445 89.35195251464845
373.26 93.81595109209418
373.26 98.81109183513325
373.26 103.80044585120166
373.26 108.80900042141089
373.26 113.8110438860394
373.26000000000005 118.80037514417867
373.26 123.81037902832031
373.26 128.80928573012352
373.26 133.8061914379403
373.26 138.8061284612122
373.26 143.81545768737794
373.26 148.8062388918479
369.44981196871026 150
364.45033393979077 150
359.45003906249997 150
358.83000000000004 145.62629075720906
358.83 140.61734930579405
358.83000000000004 135.62545626218343
358.83 130.6132690049708
358.83 125.62978578353068
358.83 120.63098825251654
358.8299999999999 115.6143444197296
358.83000000000004 110.62168742630729
358.83 105.62553019309416
358.83000000000004 100.62632480286265
358.83 95.62133310344052
358.8299999999999 90.62027916318766
358.83 85.62143249351266
358.83 80.62682981416583
358.83000000000004 75.61785074177897
358.9575768578052 70.75
363.9615067414939 70.75
368.95477160707117 70.75
440.79000048697 111.83066450417041
440.93730840921404 106.83883967638016
441.40961277008057 101.87103687286375
442.26435021400454 96.93267010688783
443.5530304741859 92.107801258564
445.33787857055665 87.43419509887696
447.6526317811012 83.01713805437089
450.5322932338714 78.93626361846924
454.0346551132202 75.37752029418945
458.14649887084965 72.54923156738282
462.7481234359741 70.59731399536133
467.6243206787109 69.54823486328127
472.6054907226562 69.29765625000002
477.58366760253904 69.7712890625
482.40146499633784 71.087275390625
486.8597088623047 73.32619812011718
490.77813659667964 76.41564147949217
493.38 78.22093946348876
493.38 73.21450042676179
493.38 68.21016599029302
493.38 63.21623425513505
493.38 58.21615648191829
493.38 53.214547164440155
493.38 48.21369153557053
493.38 43.20689569692593
493.38 38.20791528940201
495.9100266828574 35.74
500.9119747165404 35.74
505.9086909534596 35.74
507.81 38.82574238430243
507.81000000000006 43.84286830167112
507.81 48.8331487610576
507.81 53.829066574017126
507.80999999999995 58.82782850123069
507.81000000000006 63.837480593807996
507.81000000000006 68.82707901248651
507.81 73.82662560569065
507.81 78.83503531955975
507.81 83.82399222256208
507.81000000000006 88.83511355870527
507.81 93.83235455934482
507.80999999999995 98.8438622570975
507.81000000000006 103.83485987968983
507.81000000000006 108.83024689130019
507.81 113.82780656953
507.81 118.83457401242958
507.81 123.84018425974566
507.81 128.8431109042233
507.81 133.8414539706573
507.81 138.83623105376958
507.81 143.83664448992408
507.81 148.8319107266143
503.9821248663962 150
498.9798966850899 150
495.6698309075832 147.9818657040596
494.8142861716449 143.0510930839181
493.0339131164551 141.98439804077148
489.54096008300775 145.55464782714844
485.421611328125 148.360146484375
480.8141021728515 150.2788000488281
475.9198829650878 151.29452423095702
470.9257350683212 151.53242001771926
465.9532390356064 151.08739362001418
461.11033990383146 149.85922099351882
456.5763759613037 147.76132495880128
452.54493653774256 144.82509040117264
449.1285095214844 141.19357727050783
446.32119130373 137.05032747507096
444.1337548375129 132.55667846918107
442.54913806915283 127.82729557037354
441.5088338184357 122.94290291786194
440.9456615924836 117.97449051856995
440.78999999999996 112.97538312911988
455.3561226344109 117.24635078430174
456.0033001232148 122.20817413330077
457.31572268486025 127.02398223876952
459.44599315643313 131.53286254882812
462.56082508087155 135.435267868042
466.72220417022703 138.1667845916748
471.4989607620239 139.53904289245605
476.4901181221008 139.79686068534852
481.42174835205077 139.0527616882324
485.9757422637939 137.03690013885497
489.79749877929686 133.81643920898438
492.7524951171875 129.8148193359375
493.38 124.97389618983492
493.38 119.97072645844892
493.38 114.96885492661968
493.38 109.97826612830163
493.38 104.975864304828
493.38 99.97824766304112
493.38 94.96638935803203
492.4768984508514 90.223916721344
489.2902189636231 86.38008941650392
485.3038530731201 83.37330570220946
480.66489164352413 81.57558037757873
475.7039404296875 81.01070556640626
470.73901177406304 81.5249064731598
466.1157281494141 83.35806701660157
462.3014947509766 86.55926330566406
459.54372489929204 90.70479011535643
457.5948912811279 95.31299385070801
456.300931224823 100.1477014350891
455.5520902204514 105.08133594989776
455.24114835739135 110.06923112869264
525.9700005674363 109.6314212667942
526.1729174613953 104.6414230966568
526.8201193237304 99.69104286193848
527.9712817192078 94.82759863376617
529.6713387870789 90.1317344522476
531.941435470581 85.6858095741272
534.7786528778076 81.55656198501586
538.131165561676 77.86508976697921
542.0193615722656 74.73490524291992
546.3802541542052 72.28964079618454
551.0771468544007 70.59415823698045
555.9818737220764 69.62076128721237
560.9681994628907 69.29156417846681
565.9540774822235 69.52549407720566
570.890267753601 70.37771338462831
575.6272921276093 71.92615087270738
580.0696989059448 74.22177771568299
584.0668627929688 77.22128356933594
587.5293802762031 80.80659772396088
590.4677004718781 84.84923528671266
592.851602973938 89.24037803649902
594.6631025695801 93.90570892333984
595.9117895507812 98.7354833984375
596.6498116993905 103.67806397914886
596.9328596496583 108.67947601318359
596.89423286438 113.67764414787293
596.490533771515 118.6504088282585
595.6151589965821 123.58063457489011
594.2135461425781 128.3794108581543
592.2465216827393 132.9682534313202
589.6999768829345 137.26834551811217
586.6083369445801 141.1874532318115
582.9688214111328 144.62076751708986
578.8372192382812 147.40483764648434
574.2840855789184 149.4715340232849
569.4703816223144 150.79591819763183
564.51453125 151.440859375
559.5223444104195 151.4978297138214
554.5465537190437 150.98126057624816
549.6980964374542 149.80405780792236
545.0836703968048 147.89582874298094
540.8483713245391 145.25514026641844
537.0951494336128 141.95020703315734
533.8808599758148 138.12487424135207
531.2014641475677 133.90295783281326
529.1007847595215 129.38287342071533
527.5629808044433 124.60963520050049
526.5721770858764 119.71451054573059
526.0667235946655 114.73844899177551
525.97 109.74563659667969
540.6148963546752 116.14186740875243
541.3406956768035 121.07892800331115
542.686826171875 125.896884765625
544.7422675704956 130.44834629058838
547.5915020751953 134.52990966796875
551.4347307205201 137.7192399597168
556.0315887928009 139.61586376190184
560.9913628101349 140.2551124191284
565.9570321273804 139.83180099487305
570.6538951778412 138.16976543426512
574.6417674255372 135.2049432373047
577.679705543518 131.24777561187744
579.889715309143 126.76122287750243
581.3688256931305 121.99484467506409
582.2099814248086 117.06182186365128
582.5141019058227 112.08187900543213
582.4611486530304 107.08378435134887
581.9669854736328 102.09308715820312
580.8906828022003 97.21341539382935
579.139113740921 92.54130632400512
576.6474538612366 88.20825588226319
573.2772656249999 84.55359375
568.9878284645081 82.01310115814209
564.1567890357971 80.80147396087646
559.1694743919372 80.73729183197023
554.2919432640076 81.81044734954834
549.9263448333741 84.22715560913086
546.4704811668396 87.81160274505615
543.9307548046112 92.11518968582153
542.1389609909057 96.75948554992675
541.0168015575409 101.63911668777465
540.4823218226433 106.6044614458084
