 407.19341 	17.720229  
 406.38941 	26.720229  
 389.62865999999997 	35.789559  
 366.19341 	24.905428999999998  
 344.19341 	30.536528999999998  
 318.19341 	46.720229  
 300.92812999999995 	51.362212  
 290.54641999999996 	62.720229  
 287.16641999999996 	75.546629  
 281.66835 	82.33592  
 271.95441999999997 	94.720229  
 269.50142 	120.72023  
 263.11242 	130.72023000000002  
 269.19342 	159.72023000000002  
 260.47823 	172.95055000000002  
 263.94869 	184.75732000000002  
 273.19342 	193.72023000000002  
 272.53051 	208.79714  
 279.40742 	222.34023000000002  
 289.40687 	228.23658000000003  
 296.34542000000005 	236.71523000000002  
 281.42142000000007 	251.76023  
 277.6397400000001 	265.08331  
 267.2554200000001 	312.61523  
 254.57342000000008 	323.72423  
 246.8794200000001 	338.50622999999996  
 226.1934200000001 	352.33122999999995  
 195.1934200000001 	381.55022999999994  
 169.3674200000001 	403.7242299999999  
 139.9142700000001 	458.0833199999999  
 131.1934200000001 	525.7202299999999  
 130.1934200000001 	563.7202299999999  
 131.22142000000008 	578.49223  
 161.1934200000001 	587.7492299999999  
 242.1934200000001 	615.0282299999999  
 275.54442000000006 	621.9782299999999  
 280.1034200000001 	588.7202299999999  
 274.3224200000001 	541.7202299999999  
 281.09942000000007 	500.7202299999999  
 273.19342000000006 	480.7202299999999  
 280.28342000000004 	543.7202299999999  
 282.19342000000006 	595.7202299999999  
 281.9354200000001 	630.4412299999999  
 317.19342000000006 	638.7592299999999  
 416.1934100000001 	642.7202299999999  
 445.1934100000001 	640.28523  
 454.5904100000001 	636.3012299999999  
 457.6118900000001 	618.9313199999999  
 455.19241000000005 	586.7202299999999  
 451.87741000000005 	571.32423  
 439.08841000000007 	580.2872299999999  
 424.45067000000006 	581.8586799999999  
 418.29041000000007 	571.7202299999999  
 429.1150400000001 	559.1614799999999  
 435.9494600000001 	560.8257799999999  
 452.1934100000001 	565.7202299999999  
 450.9188500000001 	554.7976999999998  
 447.4538100000001 	541.2914699999999  
 436.9144100000001 	510.7202299999999  
 429.8904100000001 	489.4632299999999  
 417.1924200000001 	492.8929399999999  
 408.6640900000001 	499.6953099999999  
 394.9504100000001 	493.7162299999999  
 410.1504100000001 	478.03922999999986  
 418.2964100000001 	483.2932299999999  
 424.7164100000001 	477.70522999999986  
 418.61441000000013 	461.72022999999984  
 401.44041000000016 	424.72022999999984  
 389.21241000000015 	410.3822299999998  
 384.50741000000016 	413.8292299999998  
 378.96131000000014 	426.54837999999984  
 363.70741000000015 	428.5722299999998  
 367.19741000000016 	409.7292299999998  
 386.14941000000016 	394.7202299999998  
 367.51741000000015 	372.7202299999998  
 358.53011000000015 	350.1599099999998  
 346.53041000000013 	317.7202299999998  
 341.67941000000013 	300.3302299999998  
 292.1934200000001 	250.7202299999998  
 298.7690300000001 	256.4893399999998  
 307.2557000000001 	265.4908299999998  
 316.1964200000001 	274.4202299999998  
 320.4649000000001 	277.85169999999977  
 327.0918600000001 	282.6056599999998  
 333.5539100000001 	287.30426999999975  
 342.5124100000001 	295.7592299999998  
 352.4564100000001 	314.7202299999998  
 371.53041000000013 	337.7202299999998  
 381.6452800000001 	365.6814799999998  
 389.55076000000014 	377.5781599999998  
 400.19341000000014 	381.6122299999998  
 419.9207000000001 	379.94114999999977  
 439.19341000000014 	376.28422999999975  
 450.0454100000001 	369.6772299999997  
 449.2834100000001 	345.72022999999973  
 450.3436100000001 	328.43669999999975  
 454.77241000000015 	314.72022999999973  
 467.20841000000013 	300.8382299999997  
 480.36441000000013 	327.72022999999973  
 482.71061000000014 	340.20322999999973  
 491.45841000000013 	368.72022999999973  
 494.47241000000014 	389.71922999999975  
 509.3869500000001 	403.96782999999976  
 517.8754100000001 	411.9292299999998  
 520.2084100000001 	438.7202299999998  
 524.1024100000001 	488.7202299999998  
 510.6334100000001 	514.7202299999998  
 501.2093100000001 	536.2095299999997  
 492.0634100000001 	554.7052299999998  
 480.8404100000001 	565.8242299999998  
 486.10041000000007 	582.7202299999998  
 487.7710200000001 	611.3034299999998  
 488.1934100000001 	634.7202299999998  
 526.5880400000001 	630.1344399999998  
 547.1934100000001 	622.2562299999998  
 585.1934100000001 	588.7602299999999  
 609.7594100000001 	565.7202299999999  
 608.2324100000001 	530.7202299999999  
 594.4094100000001 	457.7202299999999  
 573.0544100000001 	424.7202299999999  
 551.9494100000001 	385.8132299999999  
 514.7034100000001 	364.5062299999999  
 498.68041000000005 	308.7602299999999  
 489.25300000000004 	298.6986299999999  
 479.38791000000003 	291.9679499999999  
 468.19341000000003 	285.7202299999999  
 474.39731 	236.0890199999999  
 476.19341000000003 	221.7202299999999  
 474.19341000000003 	221.7202299999999  
 473.09791 	233.8469399999999  
 467.36093 	260.05905999999993  
 456.53789 	284.67058999999995  
 443.00988 	300.10121999999996  
 432.19341000000003 	305.68122999999997  
 422.85909000000004 	307.59137999999996  
 399.98972000000003 	304.77728999999994  
 382.13612 	296.64913999999993  
 350.19341000000003 	277.96422999999993  
 324.40833000000003 	261.6249399999999  
 319.76479000000006 	253.84282999999994  
 318.1934100000001 	244.72022999999993  
 312.3907700000001 	242.25433999999993  
 302.9847200000001 	233.6616199999999  
 298.1279600000001 	227.0646099999999  
 293.8883000000001 	219.6870399999999  
 290.63342000000006 	211.7202299999999  
 289.09385000000003 	202.5855499999999  
 293.25242000000003 	195.3852299999999  
 311.41142 	209.7202299999999  
 317.98141000000004 	217.7992299999999  
 321.02341 	209.7202299999999  
 327.20841 	192.3722299999999  
 336.75012000000004 	189.9353999999999  
 345.17295 	188.6474399999999  
 351.10341 	186.5462299999999  
 359.89465 	180.0421799999999  
 376.19341000000003 	171.42522999999989  
 386.79084 	173.44283999999988  
 391.96141 	177.18822999999986  
 392.74441 	184.47922999999986  
 385.82852 	183.79180999999986  
 378.19341000000003 	181.72022999999984  
 371.69774 	186.33151999999984  
 368.19341000000003 	182.72022999999984  
 356.19341000000003 	193.72022999999984  
 363.1134 	194.18782999999985  
 369.11333 	194.55957999999984  
 384.12556 	193.84934999999984  
 393.89753 	189.96148999999986  
 398.45141 	184.44622999999984  
 398.28641 	171.72022999999984  
 397.78541 	158.74722999999983  
 388.33044 	156.62853999999984  
 381.19341000000003 	156.72423999999984  
 369.97572 	157.93073999999984  
 335.32068000000004 	175.80221999999983  
 327.19341000000003 	181.72023999999985  
 329.45041000000003 	162.76323999999985  
 321.72541 	154.61623999999986  
 318.60666000000003 	145.09083999999987  
 316.19342000000006 	137.72023999999988  
 323.64877000000007 	140.89107999999987  
 329.2442500000001 	142.80154999999988  
 339.0523100000001 	144.2983699999999  
 346.1934100000001 	142.7202399999999  
 346.1934100000001 	140.7202399999999  
 333.6756900000001 	134.8892499999999  
 326.1934100000001 	122.72023999999989  
 333.1126900000001 	127.33337999999989  
 341.8766400000001 	132.96605999999989  
 350.19341000000014 	133.72023999999988  
 339.7854100000001 	119.72023999999988  
 343.47547000000014 	111.66817999999988  
 352.19341000000014 	102.72023999999988  
 353.7887200000001 	110.82265999999987  
 356.81343000000015 	115.60298999999988  
 368.37088000000017 	120.10241999999988  
 381.8435400000002 	117.49690999999989  
 391.1934100000002 	112.84323999999988  
 406.1934100000002 	103.91923999999989  
 418.9557200000002 	107.80811999999989  
 427.07918000000024 	118.96428999999989  
 432.19341000000026 	139.72023999999988  
 439.19341000000026 	122.72023999999988  
 440.19341000000026 	122.72023999999988  
 469.19341000000026 	147.72023999999988  
 470.03259000000025 	157.37085999999988  
 471.19341000000026 	170.72023999999988  
 470.19341000000026 	170.72023999999988  
 447.01184000000023 	153.73929999999987  
 439.7972800000002 	153.89966999999987  
 432.80056000000025 	156.55687999999986  
 428.82370000000026 	159.88667999999987  
 425.6548100000003 	164.52134999999987  
 423.96741000000026 	168.72023999999988  
 422.8730200000003 	177.82837999999987  
 424.04110000000026 	186.46832999999987  
 425.78826000000026 	192.92243999999988  
 432.51602000000025 	210.52255999999988  
 434.31159000000025 	214.8896099999999  
 436.5024100000002 	220.6302399999999  
 436.6998400000002 	231.6680299999999  
 434.6545900000002 	233.9389099999999  
 431.1934100000002 	235.7202399999999  
 433.1934100000002 	227.7202399999999  
 428.1604100000002 	231.0667299999999  
 420.7262200000002 	234.1357899999999  
 420.1934100000002 	227.7202399999999  
 410.4713900000002 	229.8030799999999  
 404.3307400000002 	230.8162199999999  
 402.7224100000002 	223.7222399999999  
 405.1934100000002 	216.7202399999999  
 395.7135200000002 	222.69994999999992  
 389.0051900000002 	228.8687799999999  
 384.6075300000002 	234.2267899999999  
 382.80628000000024 	236.86041999999992  
 377.72453000000024 	246.6887499999999  
 374.19341000000026 	259.72023999999993  
 386.19341000000026 	252.07423999999995  
 395.8462500000003 	253.53580999999994  
 415.19341000000026 	261.6802399999999  
 419.90842000000026 	261.6078399999999  
 433.37699000000026 	257.8404799999999  
 445.19341000000026 	251.7202599999999  
 444.68226000000027 	256.8317699999999  
 444.19341000000026 	261.7202599999999  
 449.6693100000003 	255.64249999999987  
 452.12643000000025 	249.19029999999987  
 452.8458700000003 	240.79275999999987  
 450.4514100000003 	232.72025999999988  
 441.1068200000003 	223.00943999999987  
 439.4684100000003 	220.68125999999987  
 431.1934100000003 	195.72025999999988  
 442.7610600000003 	200.70742999999987  
 451.1934100000003 	200.62722999999988  
 458.8548100000003 	197.2040899999999  
 460.04041000000035 	189.4802299999999  
 448.19341000000037 	190.6122299999999  
 438.89519000000035 	189.9852099999999  
 430.19341000000037 	187.7202299999999  
 434.7835100000004 	185.3081799999999  
 444.3656600000004 	182.5168099999999  
 445.19341000000037 	179.7202299999999  
 458.12871000000035 	185.3870399999999  
 467.91568000000035 	191.1115199999999  
 473.16541000000035 	196.7352299999999  
 474.8364200000004 	203.9524099999999  
 475.19341000000037 	212.7202299999999  
 484.19341000000037 	212.5702299999999  
 493.2881200000004 	208.6162799999999  
 496.4350000000004 	193.5032099999999  
 494.1243200000004 	183.4034399999999  
 492.1934100000004 	175.7202299999999  
 501.0259800000004 	171.1638899999999  
 508.1934100000004 	161.7202299999999  
 495.1934100000004 	165.7202299999999  
 497.34704000000045 	162.4567399999999  
 503.49222000000043 	145.46062999999992  
 500.88363000000044 	134.58548999999994  
 493.1934100000004 	128.72022999999993  
 499.09738000000044 	110.38542999999993  
 496.67339000000044 	99.94349799999993  
 492.28841000000045 	91.72022899999993  
 483.17910000000046 	83.16015299999994  
 475.1934100000005 	82.72022899999993  
 475.8521600000005 	79.04702699999993  
 475.6220600000005 	70.81761299999992  
 450.1934100000005 	51.72022899999992  
 431.2731500000005 	35.37604199999991  
 418.1934100000005 	39.72022899999991  
 407.1934100000005 	17.72022899999991  
 410.1934100000005 	20.72022899999991  
 415.1934100000005 	42.72022899999991  
 442.5424700000005 	37.395611999999915  
 447.6204100000005 	43.724028999999916  
 450.1934100000005 	53.72022899999992  
 456.7238000000005 	52.85806799999992  
 463.9704300000005 	54.959825999999914  
 472.7122300000005 	66.95848199999992  
 474.2984600000005 	77.31180399999992  
 473.1934100000005 	85.72022899999992  
 480.2790000000005 	83.52267599999992  
 487.3104100000005 	87.17933099999992  
 492.2664100000005 	93.72022899999992  
 498.1279300000005 	114.45295999999992  
 494.89055000000053 	124.57590999999992  
 491.19341000000054 	128.72022999999993  
 496.82707000000056 	132.51036999999994  
 501.89113000000054 	142.40865999999994  
 500.41637000000054 	155.74640999999994  
 491.19341000000054 	166.72022999999993  
 491.19341000000054 	167.72022999999993  
 504.19341000000054 	164.72022999999993  
 499.30064000000056 	169.87719999999993  
 492.09741000000054 	177.85322999999994  
 492.24927000000054 	185.40423999999993  
 494.86549000000053 	195.21884999999992  
 489.75355000000053 	209.94623999999993  
 485.19341000000054 	211.25222999999994  
 476.19341000000054 	211.72022999999993  
 474.87541000000056 	196.73522999999994  
 466.06440000000055 	188.28592999999995  
 453.96167000000054 	181.90125999999995  
 443.19341000000054 	178.72022999999996  
 441.7660300000005 	183.51275999999996  
 435.19341000000054 	180.72022999999996  
 434.19341000000054 	180.72022999999996  
 430.19341000000054 	184.72022999999996  
 431.19341000000054 	179.72022999999996  
 430.19341000000054 	179.72022999999996  
 430.19341000000054 	182.72022999999996  
 429.19341000000054 	182.72022999999996  
 429.19341000000054 	175.72042999999996  
 429.19341000000054 	169.72022999999996  
 428.19341000000054 	169.72022999999996  
 427.78630000000055 	175.13808999999995  
 436.06536000000057 	190.75862999999995  
 440.13432000000057 	191.81151999999994  
 446.1934100000006 	192.13422999999995  
 462.1934100000006 	193.72022999999996  
 456.1250200000006 	197.10671999999997  
 447.0609000000006 	198.73184999999998  
 444.0092900000006 	198.22933999999998  
 437.4199700000006 	196.4133  
 430.1934100000006 	194.72023  
 430.1934100000006 	198.72023  
 429.1934100000006 	198.72023  
 428.1290100000006 	192.8412  
 426.79496000000063 	188.16654999999997  
 424.4462800000006 	178.59015999999997  
 424.72241000000065 	170.72022999999996  
 431.99197000000066 	159.23658999999995  
 460.1534100000007 	158.57422999999994  
 472.1934100000007 	173.72022999999996  
 471.1983000000007 	160.28628999999995  
 470.1934100000007 	146.72022999999996  
 448.6914100000007 	140.66522999999995  
 438.1934100000007 	121.72022999999996  
 434.1934100000007 	131.72022999999996  
 426.45720000000074 	116.10340999999995  
 413.47271000000075 	103.52777999999995  
 405.19341000000077 	102.22332999999995  
 391.19341000000077 	111.63022999999995  
 381.5633800000008 	116.46297999999996  
 370.4635000000008 	118.89313999999996  
 358.7145100000008 	115.49039999999997  
 354.6097900000008 	109.45171999999997  
 353.1934100000008 	100.72022999999996  
 343.9349500000008 	109.22528999999996  
 338.3694100000008 	120.72022999999996  
 343.7013800000008 	127.44907999999995  
 349.1934100000008 	133.72022999999996  
 336.00969000000083 	127.90928999999996  
 331.3254600000008 	124.46775999999996  
 326.1934100000008 	120.72022999999996  
 326.6006100000008 	128.79462999999996  
 331.01766000000083 	134.32807999999994  
 339.5909700000008 	139.18160999999995  
 345.1934100000008 	141.72022999999996  
 329.4515000000008 	141.73242999999997  
 315.1934200000008 	136.72027999999997  
 318.3089600000008 	151.25444999999996  
 320.5834100000008 	154.70527999999996  
 328.4474100000008 	162.92927999999995  
 326.19341000000077 	183.72027999999995  
 333.28547000000077 	178.65686999999994  
 352.19341000000077 	164.99327999999994  
 373.38929000000076 	159.07868999999994  
 388.4548000000008 	158.62793999999994  
 398.19341000000077 	158.72023999999993  
 395.19341000000077 	185.72023999999993  
 388.6104200000008 	172.89642999999992  
 367.19341000000077 	173.04723999999993  
 358.6821000000008 	179.18769999999992  
 349.19341000000077 	185.8412399999999  
 340.5491100000008 	187.86946999999992  
 332.23405000000076 	189.29344999999992  
 321.7964100000008 	195.7392399999999  
 318.19341000000077 	217.7202399999999  
 306.1534200000008 	200.8132399999999  
 288.66142000000076 	208.7202399999999  
 293.1413300000008 	220.81276999999992  
 298.88116000000076 	230.26801999999992  
 302.45739000000077 	234.87854999999993  
 310.03140000000076 	242.13488999999993  
 317.19342000000074 	245.72023999999993  
 324.1475200000007 	263.0902899999999  
 363.1934100000007 	286.32323999999994  
 373.3587300000007 	292.56355999999994  
 385.36593000000073 	299.66240999999997  
 402.09139000000073 	306.71605999999997  
 409.1934100000007 	308.28123999999997  
 418.5178200000007 	308.86461999999995  
 460.1844200000007 	279.3832699999999  
 471.1934100000007 	244.72023999999993  
 472.1934100000007 	244.72023999999993  
 470.95664000000073 	257.3365799999999  
 468.76641000000075 	271.72023999999993  
 468.22541000000075 	284.70523999999995  
 477.3957900000008 	293.87438  
 486.87150000000076 	299.40891  
 497.7604100000008 	309.73524  
 512.2514100000008 	362.70524  
 526.4177500000008 	373.57738  
 551.8814100000008 	387.89424  
 564.6642300000008 	410.87845000000004  
 577.3244100000007 	434.72024000000005  
 592.2894100000008 	455.73524000000003  
 604.2944100000008 	489.72024000000005  
 607.1974100000008 	530.7202400000001  
 608.2554100000008 	566.7162400000001  
 574.1934100000008 	597.7202400000001  
 539.1934100000008 	624.6302400000001  
 516.7725100000008 	630.6711  
 489.1934100000008 	633.72024  
 487.0884100000008 	581.72024  
 481.9044100000008 	566.0492399999999  
 493.92441000000076 	553.72024  
 500.7446000000008 	540.3549  
 511.5424100000008 	515.72024  
 525.1544100000008 	488.72024  
 521.2324100000008 	438.72024  
 519.4514100000008 	411.82424  
 507.2767200000008 	400.85684999999995  
 495.2524100000008 	387.72023999999993  
 487.0001600000008 	348.2608399999999  
 482.0708900000008 	324.0509199999999  
 480.52441000000084 	316.72023999999993  
 465.47841000000085 	299.1132399999999  
 454.4484100000009 	312.7202399999999  
 449.86691000000087 	326.4803699999999  
 449.18241000000086 	357.73523999999986  
 443.1884100000009 	374.18723999999986  
 418.5749100000009 	377.97198999999983  
 410.1934100000009 	379.00523999999984  
 393.1974100000009 	378.35323999999986  
 374.5884100000009 	341.7202399999999  
 365.1726900000009 	327.72231999999985  
 352.6144100000009 	312.7202399999999  
 341.98041000000086 	293.1842399999999  
 337.0553300000009 	288.56266999999986  
 330.7734900000009 	283.01709999999986  
 321.9823600000009 	275.5610399999999  
 313.9027200000009 	268.6520199999999  
 307.7183100000009 	263.0827899999999  
 303.19342000000086 	258.7242399999999  
 290.02942000000087 	253.7832399999999  
 296.58342000000084 	271.7202399999999  
 339.9144100000008 	300.6212399999999  
 345.25241000000085 	317.7202399999999  
 357.70069000000086 	351.5699699999999  
 366.68741000000085 	373.7202399999999  
 385.27641000000085 	395.7202399999999  
 360.35341000000085 	423.7202399999999  
 362.89641000000086 	429.49223999999987  
 378.98467000000085 	429.33209999999985  
 384.51241000000084 	420.7202399999999  
 389.24841000000083 	411.5872399999999  
 400.19041000000084 	424.7202399999999  
 417.76941000000085 	462.7202399999999  
 423.4964100000008 	477.70123999999987  
 418.35841000000084 	481.96923999999984  
 409.19241000000085 	476.8692399999998  
 393.9364100000008 	494.70523999999983  
 398.2374100000008 	499.7252399999998  
 412.60587000000083 	500.5325499999998  
 414.96841000000086 	498.5872399999998  
 429.49041000000085 	490.5932399999998  
 435.40141000000085 	510.7202399999998  
 444.42161000000084 	538.7323899999998  
 448.2280600000008 	551.7256899999998  
 451.1934100000008 	564.7202399999998  
 433.17841000000084 	556.6982399999997  
 417.24041000000085 	571.7202399999998  
 426.58323000000087 	584.0070099999998  
 440.98041000000086 	580.4412399999998  
 451.5904100000009 	572.7672399999998  
 454.18941000000086 	588.7202399999998  
 454.97308000000083 	601.8995199999997  
 455.79551000000083 	613.6428299999997  
 453.87541000000084 	634.4952399999996  
 444.1934100000008 	639.2852399999996  
 415.1934100000008 	641.7202399999995  
 320.1894100000008 	637.8062399999995  
 283.6274200000008 	630.2062399999995  
 283.1934200000008 	594.7202399999995  
 281.2324200000008 	545.7202399999995  
 270.1934200000008 	477.72023999999954  
 280.0074200000008 	499.72023999999954  
 275.2720600000008 	528.3757599999996  
 273.2324200000008 	540.7202399999995  
 275.0937500000008 	565.3192799999995  
 278.4394200000008 	584.7202399999995  
 274.7634200000008 	621.1162399999995  
 242.1934200000008 	613.7232399999995  
 161.1934200000008 	586.7212399999995  
 132.2214200000008 	578.1572399999995  
 131.1934200000008 	562.7202399999995  
 132.1934200000008 	522.7202399999995  
 140.0082700000008 	462.07821999999953  
 167.66142000000082 	407.72023999999954  
 197.1784200000008 	381.43423999999953  
 228.1934200000008 	352.1442399999995  
 246.9794200000008 	340.32623999999953  
 255.1214200000008 	324.7352399999995  
 267.4654200000008 	314.44623999999953  
 272.3454200000008 	299.72023999999954  
 277.7790400000008 	269.9459499999995  
 282.3414200000008 	252.73523999999952  
 296.5744200000008 	241.44223999999952  
 287.73314000000084 	226.0667699999995  
 280.4064200000008 	221.5072399999995  
 274.4037200000008 	205.58041999999952  
 272.8404200000008 	194.72023999999954  
 269.45199000000076 	187.86554999999953  
 265.67660000000075 	181.76976999999954  
 261.58800000000076 	169.28846999999953  
 266.8971800000008 	162.02434999999954  
 271.1934200000008 	159.72023999999954  
 264.9477900000008 	149.94126999999955  
 263.4184200000008 	132.72023999999954  
 270.6644200000008 	121.55023999999953  
 271.5921900000008 	110.69420999999953  
 273.1234200000008 	94.72023899999952  
 288.1664200000008 	76.53583899999953  
 291.7224200000008 	62.72103899999953  
 299.6868100000008 	53.45183099999953  
 319.19341000000077 	47.72023899999953  
 322.45039000000077 	38.69688799999953  
 334.1039800000008 	33.81340699999953  
 346.7694100000008 	32.11383899999953  
 354.1584300000008 	29.13736299999953  
 371.1934100000008 	27.27963899999953  
 378.2226800000008 	31.26278699999953  
 385.7067700000008 	36.27604999999953  
 395.1934100000008 	39.11303899999953  
 410.1934100000008 	20.72023899999953  
 418.1934100000008 	39.72023899999953  
 417.1934100000008 	40.72023899999953  
 418.1934100000008 	39.72023899999953  
 414.1934100000008 	42.72023899999953  
 415.1934100000008 	43.72023899999953  
 414.1934100000008 	42.72023899999953  
 429.1934100000008 	169.72023999999954  
 430.1934100000008 	169.72023999999954  
 442.0467800000008 	160.46336999999954  
 452.1894100000008 	159.52523999999954  
 455.75181000000083 	161.38391999999953  
 462.8805100000008 	167.82849999999954  
 465.9364100000008 	178.25823999999955  
 458.0866100000008 	179.18140999999954  
 452.1934100000008 	174.81323999999955  
 442.97713000000084 	173.19022999999956  
 435.63921000000084 	175.36979999999957  
 431.1934100000008 	179.72023999999956  
 439.6980500000008 	175.41361999999955  
 449.1934100000008 	175.44821999999957  
 457.9987500000008 	181.25136999999955  
 462.3507700000008 	182.52337999999955  
 465.8844100000008 	180.98121999999955  
 468.5149800000008 	175.90213999999955  
 466.0521000000008 	169.21339999999955  
 462.3323800000008 	164.76391999999956  
 458.1784100000008 	160.99921999999955  
 453.9422600000008 	158.62726999999956  
 444.97219000000075 	158.10976999999954  
 436.88366000000076 	161.37511999999955  
 432.50731000000076 	164.96815999999956  
 429.19341000000077 	169.72021999999956  
 392.19341000000077 	186.72021999999956  
 384.0531800000008 	192.54856999999956  
 372.5734600000008 	193.75358999999955  
 358.1934100000008 	192.72021999999956  
 367.1934100000008 	184.72021999999956  
 374.0544500000008 	188.12627999999955  
 379.1934100000008 	182.72021999999956  
 387.1256700000008 	185.16091999999955  
 392.1934100000008 	186.72021999999956  
 430.8604100000008 	200.38721999999956  
 430.5264100000008 	201.05321999999956  
 430.8604100000008 	200.38721999999956  
 431.8604100000008 	203.38721999999956  
 431.5264100000008 	204.05321999999956  
 431.8604100000008 	203.38721999999956  
 433.1934100000008 	205.72021999999956  
 432.1934100000008 	206.72021999999956  
 433.1934100000008 	205.72021999999956  
 403.1934100000008 	219.72021999999956  
 401.8561000000008 	231.41390999999956  
 407.06541000000084 	233.26321999999956  
 419.1934100000008 	228.72021999999956  
 418.64583000000084 	234.63898999999955  
 425.08740000000086 	234.36712999999955  
 433.1934100000009 	229.72021999999956  
 430.1934100000009 	237.72021999999956  
 435.5455500000009 	234.97358999999955  
 438.1748300000009 	231.48640999999955  
 438.1934300000009 	223.72021999999956  
 443.3946900000009 	227.00024999999957  
 448.9278900000009 	233.67668999999958  
 450.7232700000009 	242.6233599999996  
 449.80483000000095 	249.7177399999996  
 447.19343000000094 	258.7202199999996  
 446.19343000000094 	258.7202199999996  
 437.19343000000094 	249.72021999999959  
 437.19343000000094 	250.72021999999959  
 441.19343000000094 	250.72021999999959  
 441.19343000000094 	251.72021999999959  
 431.80380000000093 	252.58633999999958  
 430.42276000000095 	252.60013999999958  
 419.6940900000009 	252.15940999999958  
 396.6278300000009 	251.0446499999996  
 376.19343000000094 	256.7201699999996  
 377.54271000000097 	250.50128999999959  
 380.533450000001 	242.6656399999996  
 389.148040000001 	230.0677199999996  
 396.178990000001 	223.8734999999996  
 403.193430000001 	219.7201699999996  
 404.193430000001 	250.7201699999996  
 404.193430000001 	251.7201699999996  
 412.927270000001 	251.19084999999959  
 422.031170000001 	250.63908999999958  
 428.042350000001 	250.2747799999996  
 432.513710000001 	250.00378999999958  
 437.193430000001 	249.72016999999957  
 431.02697000000103 	247.93720999999957  
 424.971720000001 	247.65393999999958  
 414.46280000000104 	248.5314899999996  
 404.19343000000106 	250.7201699999996  
 437.19343000000106 	253.7201699999996  
 437.19343000000106 	254.7201699999996  
 431.3663800000011 	257.7508599999996  
 425.3948600000011 	259.7085499999996  
 408.0029200000011 	258.6597999999996  
 401.1934300000011 	255.72016999999963  
 407.0366200000011 	253.55354999999963  
 415.8745700000011 	252.72621999999964  
 424.3926400000011 	253.01679999999965  
 437.1934300000011 	253.72016999999965  
 269.19344000000115 	476.72016999999965  
 270.19344000000115 	477.72016999999965  
 269.19344000000115 	476.72016999999965 
