78.86732151027756 217.28612267636743
81.59931010429763 216.9144775730896
85.60494360208408 216.97301847924916
89.60248566180218 217.09062815275095
93.59510139048399 217.1509086541897
97.60076884909185 217.1049758952044
101.59423018091603 216.91598303996201
105.57046190284332 216.51647961680655
109.4918934057894 215.75433111921902
113.11082910390442 214.11853329475878
113.70257941449643 210.50051778200623
113.26712081609912 206.52730655505232
113.06307334943064 202.5294736447715
112.9062547403112 198.53726296809188
112.55088817260742 194.55778123687745
109.87136673119068 195.03769621605875
106.63116130081207 197.29382474555828
102.69589689191818 197.5107225439978
100.2634377074814 194.6170437783051
100.97915577161969 190.757753950547
103.57870299431804 187.73864436389923
106.83726833975437 187.7886604059827
110.34983966677666 189.71261360327722
111.67806723496321 188.03305165506367
110.70512633117363 184.1677056232667
109.5135809845257 180.33749796707156
108.22802603414321 176.56527983092286
106.97030477954843 172.7549649162986
105.83371438385012 168.91812450286866
104.53610180613995 165.20764176728727
101.2026640436238 165.59034654963497
98.3195416067347 168.35961359087335
94.59240378643085 168.72079396688585
91.52963237124253 166.17983264761452
92.72494139824212 162.56494303909602
95.78643044809401 160.08694975099627
99.62986856281078 160.4337531233176
101.92815101816656 160.66399196694374
100.82442836032732 156.85107812094716
99.24587478714486 153.18571417158037
97.54096106645343 149.54842143447968
95.76481815482217 145.9732039005807
93.89545732741684 142.43222229050073
91.87650598547364 138.98948972045898
89.55216996831084 138.92863729666232
88.26842057348773 142.62507857901446
85.24966043249077 145.1809546415406
81.76408287366665 143.74523823925492
79.78097618579866 140.34595039764403
81.37480986320996 136.8607508199469
85.10862848365188 135.57306329903176
88.53881317453975 134.3999426170945
88.34098826657105 130.4207644290161
85.4730945201273 127.757096395874
83.01011376023104 124.6477416455078
81.40497159796794 120.97161598506547
79.9290852667149 117.25806118701522
78.50155774722658 113.52817568235996
77.10415756410617 109.76601879754124
75.75700875855144 106.01172920379577
74.48437428405674 102.22036935225185
72.78700960213841 98.68106765635399
69.51063097291365 96.40638225700633
66.00338308384654 94.48568616527777
62.630045272907886 92.32185662811966
59.54319479244424 89.80186409908531
56.92421646853066 86.76743264518211
55.80215078002444 83.02510384435341
58.28759015495599 81.77720636395833
61.19673084127439 84.51852903879265
64.11830283671043 87.23096629095895
67.1355185121044 89.883223595565
70.18745326067919 92.45628182875137
73.12311281979818 95.17607680378823
75.75388760933919 98.17920378611593
77.7090820598578 101.64998733452737
80.01932783021934 104.92380928089611
82.66028310070075 107.9389718172133
84.89178402442217 111.25141799079552
86.67452366364991 114.81529672311558
88.13835402101583 118.53326248368785
89.80281627002037 122.18828026473365
92.40083233408174 125.13578881581716
96.3076700192237 125.78293637317299
100.2929382580076 125.43043215958579
104.24762534606023 124.80075001316322
108.14026662086346 123.92717500413298
111.09359267323555 121.72131359334111
111.2183332015147 117.74347180454656
110.96080744894157 113.73468023099392
110.9571056622845 109.75721104333638
112.00935058375919 105.90905673373848
113.71924386827946 102.28016115851115
115.84100350652754 98.9172771430558
119.27558067382813 99.5296272208557
121.85316156683446 102.53434705031871
123.29141224691148 106.2703297159219
124.32827145607058 110.11570011022269
125.20742607382671 114.02704993479892
126.00212679914192 117.95293004625577
126.75111730731211 121.87298926894208
127.59485230406838 125.78477202428527
129.0692669829809 129.48492363038577
131.55178179814936 132.61879762342514
134.26737582606347 135.54101953105956
136.998640390625 138.468892890625
137.36030798124312 142.39234870512007
137.53853155959172 146.38666291782658
137.7168325572291 150.3827122374621
137.89511356893897 154.3788253190887
138.073489788646 158.37786674795876
138.25184452816126 162.37642660940455
138.43015639301183 166.3740252577436
136.53139055194856 169.7760116179657
134.34372186308804 173.11574809554577
132.44768821985426 176.64658814492705
130.8496132614755 180.30958215397777
129.28430617187502 183.97677062499997
127.20336422439577 187.39132164520265
124.62231366784343 190.4541859513665
124.36822759270134 194.2063524503684
125.04396340683746 198.13657873867305
125.39754138118066 202.12258957320321
125.58221307112456 206.1063250501585
125.72710054441453 210.11988028484345
126.68072822952271 213.25415819137572
130.68945322263005 213.2206571749377
134.6820426764567 213.06727448616826
138.63302126366625 212.3830068524208
142.40247880194107 211.09360863696043
145.94997944324214 209.25136024201694
149.25445311959686 206.995187623685
152.34623963357225 204.46268393502277
155.28854686508214 201.7466557498136
158.23744994110857 199.04388688182942
161.26776248514327 196.4290898584511
164.4685678268248 194.04003654332877
166.65437366880934 190.76517967217262
167.24376837051312 186.8122777849683
167.17664203730945 182.82451676073185
166.85696399354828 178.83612432764426
166.42026600428633 174.853446413843
165.92974815153568 170.89913704666262
165.41310429218697 166.92251907161415
164.8143983599653 162.9587650297328
163.90026856611462 159.07468659130654
162.25609987222953 155.434199509805
160.18949494517955 152.01479881344355
158.13773491318258 148.58726204308752
156.13086757464438 145.11383523662454
154.1711909088707 141.63633196343898
152.24295513499413 138.121641513466
150.33265892725467 134.61394193249703
148.27438038536977 131.19496254935996
145.9081741776103 127.9648409452951
142.88173864001814 125.40208292516827
138.97945898683656 124.60136446788898
135.4837232180886 122.73264531316602
133.03415722431663 119.62065003718854
131.9005911156083 115.7794414162945
131.00890333158605 111.8863657347981
130.23772498537605 107.96515970044003
129.3099726638288 104.07313480734337
127.50935524075035 100.54604018287247
124.13333892179918 98.44438970989275
120.61456341045744 96.55701558265484
118.41252610603115 93.31837794224246
117.94990809659889 89.34929835706292
117.94609000000004 85.35000261916792
116.55655787731176 87.42843944297314
114.81340658556331 91.03759216109039
112.96269843466324 94.5887441804005
110.82447676049811 97.95774437130738
108.13369988519464 100.90617281054159
104.60063608868718 102.71583810327589
100.64786165906929 102.71426689165718
96.83088223175966 101.49555987067131
93.24564124570378 99.73920317533519
89.75448709967476 97.76718044100285
86.20909918755729 95.93941659740449
82.57787901766883 94.2588936470033
78.88163521472126 92.74811736057568
75.23095664681396 91.09379834755669
71.73089994507156 89.17436709958628
68.53673430825805 86.75557720367432
66.18296670623948 83.55948272814013
64.03435172911364 80.19780744096064
61.41253237731934 77.17134764483643
58.942462861633295 74.01569444287111
58.12387330422402 73.5938929365902
58.51244249093658 77.42742149878109
55.56248203217153 80.12547074452038
53.46125503320313 83.47161961132812
52.56361688443518 87.37047739489392
51.88658603237972 91.31522471434504
50.991896841847016 95.21867652954184
49.790025096339235 99.02547223733282
48.155005304142406 102.67842190857559
45.858248745165575 105.94374579225075
43.24181920620775 108.93968820968628
40.97724964803577 112.21874775080381
37.9398602583544 114.81322686582617
34.71469131746699 117.1560353801722
31.59668312829662 119.68389433930419
28.562696930246478 122.29005409198342
25.584629136103633 124.94586209344388
22.63808253484741 127.66305692279674
19.750903758994003 130.42304317278112
16.91548110794236 133.23736087345202
14.156007821635633 136.14952415846093
11.562784004179072 139.19164322762546
9.235816553412631 142.42693687118532
7.260530731112162 145.91857274256384
5.684627757826751 149.58621042426935
4.41186966590919 153.3724345326298
3.32455580010708 157.22512136672736
2.5305006797914626 161.1482021313589
1.9867638862665749 165.11844779641868
1.5715584237515938 169.08702539804375
1.243355815332786 173.08104123801846
0.990775318300374 177.06440500553288
0.8101267863527196 181.05284874813344
0.7101525614123421 185.0678331791716
0.7213064882229114 189.05793484922015
0.9469829335951023 193.06218372863347
2.871370519152845 196.1763595212746
6.73823801901635 197.16390482366566
10.64272891947365 198.05571287048343
14.4789424875 199.1876775
18.285362021631244 200.40235393005375
22.079577687840118 201.67884512605235
25.84645808333299 203.00650210145372
29.604506638427054 204.35684759339355
33.37641106712407 205.67668535671913
37.18574763538783 206.9521570047253
40.9974390364713 208.12955153133865
44.871841324294145 209.12592721457253
48.84415172827148 209.58128131683353
51.56855672119485 207.18410381884684
51.862493395734916 203.21910526966758
51.555020757583314 199.2302580242561
51.03934100212414 195.25766707634023
50.52806247104001 191.29022740853642
50.07247030273807 187.32577082354163
49.78889289388398 183.33162211573332
50.06787917529297 179.3484238562012
51.08223270281599 175.48942642681632
51.801222625 171.55770500000006
51.44236841252279 167.58468269193656
50.74052852108275 163.6491243964601
51.67339419887983 163.540764516666
52.66296261649946 167.4078341096806
53.09727105414394 171.3923877229488
53.28796017546265 175.38364533976252
53.371576029161545 179.3798221665902
53.39692787915618 183.37586175837527
53.386787737031355 187.37231800285684
53.353383573229856 191.37372040856667
53.307945923168276 195.38770182114723
53.2664316934485 199.37974116245962
53.2585775800937 203.38514406744036
53.36172041028749 207.37844875165615
53.83885060944367 211.3478233659363
55.885843607292514 214.64593082220233
59.76645920538199 215.4631385003163
63.769366196769695 215.48551622928534
67.7521206220814 215.50827492200128
71.7603397965936 215.6810590445577
73.25883809545171 216.421697832709
69.25919091595459 216.48682824859625
65.26228157719186 216.36916820553688
61.272142782534175 216.15114189900106
57.286788667672226 215.81016031703768
53.69064769205666 214.5376466815567
52.38236617755508 210.77537411373143
49.0607986078453 210.52104603630067
45.09209042315003 210.1451141413076
41.19023345411032 209.21146334009535
37.361452462624044 208.07290825729248
33.570639903601155 206.81923978389548
29.80383920510426 205.48973349648315
26.04450231332728 204.1022321432684
22.294898405076676 202.7216681704627
18.514575393776425 201.41878272483353
14.695376666834484 200.18574237940317
10.87417925263971 199.05307625158792
6.987741732976875 198.10334711030666
3.1303112701155387 197.0386625700522
0.26959434220384143 194.72445276076093
0.026671934238629295 190.72692291345888
0.00541408003046466 186.72645490074112
0.07391659205877492 182.72347164513397
0.20310446531999024 178.73004180826635
0.3840831004058689 174.73847358279966
0.6174222457700355 170.7447914788573
0.9128241990787046 166.74708800022574
1.2955781605739303 162.76638864641706
1.8606759938331099 158.8080736678481
2.879148972895133 154.95606835102564
4.16567787503217 151.15187166192717
5.624759359072493 147.43262097132876
7.322400769972476 143.8136446096548
9.365527643834831 140.38058614629702
11.827529227965918 137.22672864204606
14.533990683039764 134.28930656904532
17.357845903120865 131.44530606398715
20.212168559395646 128.66384689763942
23.133021023835976 125.91760175652578
26.09427187378337 123.23395130079842
29.10439703511338 120.60172380003098
32.17758414361888 118.02993831559426
35.345264207261565 115.58654176000601
38.57660790155108 113.23886473634258
41.546398003662105 110.5632527514649
43.68898714241952 107.22139071140595
46.165173493230974 104.0793254150241
48.09722402316542 100.59567102321049
49.48108317520842 96.84898743529568
50.49100036721954 92.96650207995448
51.267748420699625 89.05048041165382
52.020592181889455 85.11514544002483
53.42478103725999 81.40383892399025
56.087083994681294 78.43373546134937
57.06903647989272 74.88249167631156
54.04322437269765 72.30125665514838
51.16923932449865 69.55209493043284
49.6052532935192 65.89038915621649
48.2314366101225 62.131382313068656
46.77296381791134 58.417548813425284
45.56107384773924 54.607484335007676
46.034948866580066 50.78609058289689
47.59961595843136 47.93988898878491
45.849198967132565 44.41891999508667
45.994229481240794 40.46378475154623
47.87809774401104 36.957326408130584
48.662890560327746 33.06410292383278
48.95316147659876 29.092467948768583
50.164553107616115 25.2756482048561
52.63081867789423 22.19816900274272
54.90997105936792 19.166681997442414
56.37131033807519 15.490681624534744
58.996174891218686 12.467251326607396
62.37134919495402 10.381150693011914
65.82013784277484 8.360607836908677
68.97364856671713 5.901066714595656
72.5552392833197 4.287207910256813
76.49845814884185 4.049639459412387
80.00847970620917 2.4535151391234913
83.9167043898493 3.260501543966373
87.71071489264406 4.504639392505183
91.52666693567872 5.713398620777273
95.17687792480925 5.02220493264697
96.47874247710733 1.2589568560450073
98.91731992759941 1.642505594371399
99.88982241912107 5.531763607829253
102.7925342236927 6.654920812495185
106.7120596682167 6.049376351167635
110.21146943258285 7.877278710389761
113.1842872769898 10.547230053319339
116.65343996465504 12.430157120070938
119.45565008161067 15.244821315219884
121.35826017217806 18.75002473762304
122.98560098096846 22.207455882509713
126.08004696068166 24.64863987230864
127.76591050487637 28.264406154763588
128.49289820739745 32.193436566234595
128.64271041371538 36.18760205194741
129.51716230720518 40.05480123245239
131.19980977410097 43.550688007212266
130.41494863355015 47.430762614198
129.1804736410266 50.690906996364234
133.14565341087336 50.230657763229374
130.6593255832815 52.477540725635535
127.95790783511993 55.00581809985257
128.13395921830295 58.98748296335698
128.44784563462792 62.97547379840816
126.66807809957203 66.39352762344444
123.39871144122182 68.68052348435987
120.17162968444822 67.28754068169025
119.9597152692723 63.44083402200509
117.87375760818479 60.033104660850526
115.05062339207326 62.72099228801616
111.58089424526212 64.42971769953539
107.74730497888204 63.33289238594611
106.80880094003199 66.10382151691003
108.37854104579924 69.76796278648902
110.3506195952016 73.2483061870503
112.69195801803586 76.49684707841874
112.9789047737926 80.29873849371553
110.17216177482005 82.73210661135496
106.32941792170402 83.79869001528802
102.64205946775435 85.34913143566133
98.79313335244274 85.05817966703651
95.14721811150808 83.40207215527553
91.29417680646117 82.3991740585238
87.41922689845437 83.02927027667623
85.63895231042872 82.19403988945473
87.14679581315028 78.50471934509261
89.4255147631653 75.21171287381424
92.02437091050186 72.17864957285391
95.17966984765623 69.89573542382816
96.00442865885779 73.72209942663481
99.63177222178648 72.91112216690063
101.7843976789665 75.71002145571615
104.91975785523412 73.7775154659691
107.29987378430594 73.43512012952739
106.62756593462561 69.50999259238552
105.06005652796553 65.83128861092382
103.88513234815416 62.00594388767796
102.97683295673464 58.12431587909899
102.41849097049732 54.15427699199488
103.62114598041747 50.47238567878344
106.71831263233143 47.98283931566211
110.52361726287361 46.790402261922836
114.29795128693875 47.798477282698094
117.3086825110614 50.42659116110825
118.83361999999997 50.10510860604858
117.72029485691067 46.46323955273819
114.19759272570964 44.55481401730066
111.07322697978717 42.07145729289016
107.98981299912866 39.55090872757345
105.24012569884773 37.725292252614494
102.81437327162617 34.53521374725938
100.01462278511204 31.6773094059182
96.61832169238278 30.140655306976317
93.28654957595079 32.349495958420256
89.76718325350961 34.21913503166109
85.84654116476639 35.00370784038751
81.86392442573687 35.08250980385971
78.7075549860486 32.793921310998435
76.10905196944758 30.303483538316723
74.44710371994444 33.93286475806474
74.97566224672308 37.6842559040609
73.70244330955794 39.29852014793778
69.85745943697258 38.21971467338657
71.13590643809565 39.89959617161881
74.07631331890735 42.60100203082804
73.3837716470756 44.49288501457595
69.53200692650148 43.41919080768442
65.61296382508847 43.540813611119255
67.09688494034192 47.181178423801406
69.08855416870114 50.6489041257324
71.42939114181897 53.89514464015577
74.75796058144589 52.55436245033197
78.26065886979553 50.64840731867824
82.01950794487361 49.261753621175735
85.90940657705693 48.35553106773481
89.90316066831801 48.09114127777491
93.67325679414373 49.205782225836316
94.24297445049842 53.078105205495866
94.09419174574707 57.07751373100947
91.81069945441578 59.869149377574495
88.09516962854 61.30222906544111
84.14177797929403 61.85538866622301
80.22861391829368 61.267971827916895
81.61668467480463 58.26974321765134
85.28211349401184 59.064597161310644
88.38623676232096 56.92444359905717
92.03063011570259 58.01063726809214
90.54438023382858 54.74825553967373
86.61218901031886 54.218163376969656
82.74180000043532 55.174537778281675
79.36701474086722 57.28848363026573
75.87452108437539 59.22713493557457
72.11972549858872 60.58623454178386
68.16776006884761 61.142765406738256
67.30354582333513 64.84089087594072
66.52381345147319 68.74215048384235
63.74849064035227 67.94361091303927
61.30732109602463 64.76836771975144
58.397192313702725 62.07240866797247
55.95968957180608 64.42116181450105
56.97340038355361 68.25642044075407
58.85937247010691 71.79450384638434
61.11433614481514 75.09797818432874
63.598779833662874 78.2102193847841
66.11554724163173 81.3276121487415
68.32342377673568 84.66133964683421
70.94747758840963 87.6511793907605
74.43377725076937 89.58527480391719
78.05599283034392 91.26484336370572
81.67821471014372 92.96968772476117
85.28417448081777 94.68105713660748
88.88914918022046 96.40405421102253
92.52336431653305 98.11174604521383
96.18095944791943 99.72210525417316
99.93036698041531 101.09901844498393
103.86696639804138 101.71076676228846
107.48022181880471 100.1685706235545
110.14876818241346 97.22268258509
112.3051870981073 93.856203826385
114.16607659596949 90.29929756058367
115.80738088817591 86.6513363465919
117.26602561997021 82.94009935211379
118.5756442683639 79.14632903377587
120.15738927428778 75.47675902517877
120.54698131733086 77.1815216798796
119.77983226556591 81.11913484965093
119.34709985317465 85.07958521228116
119.17136206758494 89.079984195518
119.44757034298178 93.06175658333675
121.62015175532694 96.27303105802217
125.31980040260311 97.77908307464978
128.696798915742 99.84395116331402
130.09078498820955 103.58990208387436
131.14815089599603 107.44517520532224
132.05731928938093 111.34478477900643
133.04778913038643 115.21282750947523
134.2488496609165 119.03118219816928
136.39618069030757 122.28256014312743
140.1256469236087 123.66966002147196
143.8786048174799 124.95452256804704
146.90534850751314 127.5611920073509
149.2767141713843 130.77514573644635
151.31185596099849 134.2199304394531
153.18453867712495 137.7537096259099
155.09585288540896 141.25297378016714
157.0799627148437 144.7369526635742
159.110304648115 148.16904889340063
161.22368438426037 151.56448448750083
163.23723941243327 155.0238108288997
164.8539815834001 158.69165556075205
165.9271874650986 162.54205086592833
166.62441007227608 166.47543007694873
167.13796294464584 170.42880640382288
167.57390399636458 174.42153677526272
167.96541370667276 178.40299996738767
168.26896258634085 182.38454637059866
168.34961106684204 186.38454240735348
167.7824509838867 190.3331292172241
165.7011743387073 193.69033509718946
162.6589434369738 196.28358764127006
159.65292537252466 198.9204165345866
156.6785447631633 201.60626912167368
153.73452887805266 204.299644987212
150.65832066932273 206.86777955779883
147.45115207985876 209.27277483711717
144.06319135893511 211.38105207833007
140.3748381506474 212.89022369446153
136.53225716988607 214.01118126095412
132.59928220778417 214.78468795909282
128.60986042854427 215.05359762976644
125.19128838901459 213.43520024159844
124.63561019943484 209.49286653890132
124.49542693250221 205.50064353154457
124.29087950355525 201.50259476696007
123.91659234687802 197.5322805999374
123.15614251319882 193.59766348873137
123.78959895314333 189.8783543634337
126.41850656720156 186.87736628784657
128.43220498118754 183.42173404474673
129.98643411374744 179.7390911358845
131.65940248727102 176.11237322208058
133.6359229314578 172.64178174642365
135.98490967613216 169.39753572090143
136.99184204633366 165.75433849030983
136.90848447016785 161.75258013466205
136.82527979982328 157.758162349313
136.7409727344935 153.75443384798618
136.62420347246587 149.75026547907896
136.4104959903099 145.7516019234045
135.95142911562849 141.77920014558885
134.836583984067 137.95000203292074
132.50499069662504 134.72896487493333
129.47757042985427 132.12374977175241
127.00631003452297 129.01883085659023
126.36572591222011 125.07521108530594
125.60055940036764 121.14464520906768
124.77277651770348 117.23266281448481
123.89886559797725 113.3327836353101
122.97194176255935 109.43548910942671
121.91632154707926 105.58510479427721
120.08889682594354 102.03747300011203
117.31913330919201 99.2336666419625
114.7318248882919 101.96382604646132
113.03680410072573 105.56710821521682
112.33015161800975 109.50564632616876
112.18615516354063 113.4843506804688
112.15844374236877 117.49831749638317
111.92639761385435 121.48168422079084
109.74348132560057 124.43155461353777
105.88552262833365 125.42918647955244
101.94987082847213 126.15985584100267
97.97851247568958 126.68474269203057
93.97910090939021 126.83864488509116
90.49464734779585 125.16800047145341
88.28219413414166 121.8538116345955
86.62033070421182 118.20463178197724
85.2160913677196 114.47608903873919
83.37982598348542 110.9137638619536
81.12396549712776 107.62341742043665
78.6082233325531 104.5185771315609
76.44028145312495 101.16293729687499
74.5862497722633 97.64681615127922
71.70493683142544 94.86920597491478
68.58230991701276 92.39496987025437
65.57109590963678 89.75119722141082
62.680888760433284 86.9902267576543
59.826179600131 84.1701424045118
56.743354481506316 83.00815806107329
57.855907410501985 86.71365769605399
60.59146487243856 89.62606088361775
63.755755942085706 92.06815970357357
67.16194380901001 94.17615921126232
70.66184427629086 96.07463009126279
74.0057210290899 98.14194947597692
75.37043960517286 101.90581541906529
76.72951726074544 105.6525939111001
78.10355182602906 109.40944719631872
79.50029359024454 113.15863826739158
80.94609420548993 116.90441876032591
82.47709841340632 120.59162565036914
84.2438701014494 124.18382767633257
86.60704364361044 127.39483863818641
89.39550126140853 130.24771082071896
89.45059138275431 134.07627145830628
90.95743591624829 136.87663926803586
93.75368606904253 139.70792269883987
95.75172977056971 143.16573783083263
97.54605514577783 146.73915858229392
99.21786802254267 150.3729656998081
100.77217515413709 154.06120547430965
102.14561870649747 157.81958740027557
102.7474213080966 161.73862995914337
104.80252732503818 165.09737717697556
106.5621600177254 168.68597431116277
107.99092089486086 172.42246430859433
109.25150126933812 176.2169052698769
110.4191203426489 180.05012539563563
111.51260161774906 183.89352986331423
112.46365663254615 187.78145127181884
113.18292035019405 191.7111671011066
113.65973546960271 195.68921573610177
113.97163381912094 199.67351986200077
114.21038070642467 203.6629353847456
114.44595672866818 207.6623502335739
114.68545491627637 211.65026260849027
112.99290227278229 215.0428074195289
109.4749009609031 216.8886257128411
105.5274762975527 217.54070556778845
101.52599957192973 217.73190944595922
97.54337496548263 217.8095832127101
93.53673185621174 217.84500636478168
89.53856379749199 217.8207558253681
85.53205768455335 217.7309072936807
81.54805112490078 217.54912327748295
110.03802229987025 193.373122917577
110.39476871624112 190.85437185212373
106.92177642676353 188.88073523263932
103.20937009360313 189.39238671121598
101.2402972197813 192.8040207250601
101.97545925790764 196.48789089222583
105.83872898579895 196.37327324126062
53.12153324106645 183.39799392890933
53.07478060017266 179.40697179264424
52.87760983790142 175.3976379359913
51.46860653264379 177.4466209442854
50.91789620245772 181.4121606113192
50.793997917470456 185.40125792487623
51.21722266831586 189.39397253223467
52.58664130014181 191.50980453692438
53.03451343456714 187.53687592404842
53.12156610197671 183.5265879420524
101.49944226501464 163.1822791534424
98.22996105713725 160.88550354309325
94.58081568081784 161.6254428538299
92.3140845626291 164.84078675625028
94.43411484625274 167.82580014584664
98.1854852713517 167.55292494790154
88.00358744612504 141.55633853315356
88.56003137871363 137.65590388934135
85.14341067021726 136.46549478743214
81.49896426844928 137.8966648721005
80.97872223645021 141.59691887145996
83.82966752975656 144.2757577720499
104.54013277414799 83.40286770128871
102.13821055508136 82.33880169318819
98.13473147901534 82.38972062477113
99.18929360038341 84.39939419992771
102.99919427294253 84.3801711665411
112.14256884221075 78.08137285671282
110.59167804814338 74.43342905980731
107.46001674597503 75.29455721224755
104.18797331949234 75.66491564489031
100.6354561628127 76.07449816145993
98.48993238239306 74.47408063242484
95.18807588842296 74.88900964194787
94.08909328105163 71.63225872913598
91.10085369837688 74.23419125742137
88.67359557573627 77.40339412611944
87.77813937315177 80.90481768304588
91.75082619995041 81.17840594219167
95.76042453904327 81.048985117394
99.74401838419261 80.88521581492546
103.75151631838605 80.77666665167618
107.7450927067871 80.83261722094727
110.9613854835069 82.18198246808225
56.642831974036696 70.07588693498766
55.027363052840876 66.47284908781344
55.59999587559999 62.59098944951743
59.09303602941704 61.40560569069195
62.15025939227463 63.8959678586954
64.52057202791555 67.09140545379687
66.48641566908248 64.6831805261407
67.46731303510286 60.88433975046159
71.28630418367631 59.79291146468611
75.04728041997261 58.459198180157244
78.62623877456687 56.68728835378306
82.10307730150612 54.701862605998016
85.82883444082387 53.28283678521314
89.79391720812728 53.267368895064536
93.02978704687501 53.518502343750015
92.37192299946263 49.72029172942974
88.4471350494118 49.29874076121904
84.4688974619833 49.63258415930813
80.64544393524699 50.78700442719697
77.01163555097247 52.45668464921809
73.8846580321721 54.905763869660035
70.48693813296539 54.26080918568077
68.13814374447632 51.03854699411914
66.09113440494221 47.593528524903746
64.78218019988284 43.849021311189375
67.90445924504584 42.2314979927022
71.8669207699814 42.80577291887094
72.5657200114267 42.08330610032405
69.49114749209383 39.52075784041984
69.87683186000385 37.25266592621692
73.04087052047112 36.6265664524584
73.67836819631232 32.773906544228446
76.00163331597139 29.53768411712648
78.85423581863024 31.010032302474993
81.56617081764605 33.699033633998894
85.54157462544572 33.83491517260011
89.4778805748482 33.18670193460085
93.02668234319628 31.362313464201108
96.49291627075092 29.356631993919986
99.85785424953517 30.69698812367036
102.84893316268524 33.336482838135495
105.77455918671075 36.078404574305104
108.71460210911336 38.80252772022899
111.75406214207378 41.37469479400308
114.98101605682376 43.75251612020875
118.53847532436554 45.50633073974867
119.19569646079366 49.36522600709994
118.99221669091229 53.35158205658723
117.68359306045534 56.96934732387543
113.77837374318602 57.64372089899732
109.83382751906875 58.28333341015531
106.64280153389457 57.38843575568487
107.77823808641915 54.151786986935626
111.66791805947508 54.33218235090166
115.13146124574665 56.314829640887744
117.69003204223637 54.682973572479256
115.82470829771046 51.1623288521657
113.71440572917702 48.29605246156998
114.85043937061313 49.736813998372085
111.77124458789532 49.58679911943961
107.98236513169769 50.55181472800828
105.59091497474316 53.708528308209964
105.83528273592356 57.36310322555991
108.34620728430832 59.82384134323379
112.33258224040026 59.75342960386219
115.94086678952995 58.55390498788579
119.13225270719353 60.91885189065952
121.34027234375003 64.18954432812501
122.28258229298655 67.91516824907518
125.56463965627734 65.86325034712989
127.61483601344591 62.54177258155394
126.91931488478895 58.62046423982143
126.94651954654697 54.71677553725411
127.6119614051551 51.298211421997436
129.04320548362736 47.57170577822496
130.2387752842796 43.800586032039355
128.75920067260748 40.109681008270265
127.96864097369914 36.18587363030952
127.53417809126002 32.219288447998295
126.85981321453038 28.27168462412042
124.89408940316086 24.83941571648628
121.46915393604282 23.043767940059666
120.11975795506957 19.860583988609797
119.13721732993548 16.017564256827658
116.31447307842258 13.277695503177648
112.44953237853531 12.437422852935796
110.55480315364841 9.009785028691105
107.13523371906702 7.10899605576313
103.20297181216165 7.482244620155584
99.64085610366587 7.155038293156487
98.4875152074051 3.336250088117218
97.3672608331318 2.652141941773662
95.52556378602007 6.152301715550294
91.73094084364294 6.702674364436208
87.88466403140245 5.571401169516057
84.09723889526423 4.297741390690516
80.21383151472067 3.3716660435838763
76.6998050133772 4.840103378581762
72.78357052080453 5.14117407831074
69.19320766197956 6.634761566545045
66.18517499488831 9.28523802229805
62.658884045545825 11.109154028704284
59.459229011428675 13.48288057106972
56.88189407819901 16.534104669709052
55.5022648520689 20.22851842042446
53.00734490666036 23.326486513240063
50.81085059259071 26.652959366396047
49.72653144881251 30.48224156366394
49.48447870082992 34.47571114998043
48.02638683700103 38.08482752248753
46.95244283818876 41.88289083035248
47.4795698204283 45.81083288010769
49.42174355164051 49.28748454372978
46.548067236565664 51.26608756163317
46.915551987475396 55.17102571047593
48.39968798211628 58.88688484838933
49.82233329324648 62.62722102323569
50.92594244414681 66.47315924699693
52.428785408021454 70.13911933083105
55.69793004983139 72.33377768053437
115.103955203619 61.11347045098877
111.24249577952071 60.52920402664853
107.25187159843921 60.59022134581375
105.69814680413246 61.7162797705164
109.4618758569722 63.02886559987526
113.36597150351048 63.14857571934176
89.74295545859741 58.4724180217669
86.45655291227484 59.74641429845763
82.49409722338868 59.49648819482422
83.18802803524896 60.90998260711943
87.18360120800725 60.84588919561563
110.6807371771431 56.104894905346875
114.42626129882811 57.50356756347655
111.98673511413931 55.532466532827314
108.1202825725822 54.84661106378613
108.10927784709453 57.6766306633439
107.42918795898436 49.582673838867194
105.39276460404574 50.03816138909453
103.45687833342649 53.51983895129
104.11813056426524 53.82871193407585
106.56026533275127 50.6644780317893
