-0.6205483972663106   1.2404574620881985
-0.6257442933446404   1.221500316835551
-0.6297360663077087   1.201687056551866
-0.632799029911606   1.1820517740407275
-0.6352269642600059   1.1622701327511802
-0.6371413187726858   1.1421885055476708
-0.6385497652921484   1.122416529524474
-0.6395297632982773   1.1022975527316827
-0.6400612455904555   1.0820797903950945
-0.6401262550639293   1.062251376642327
-0.6396983942304919   1.0423407699937148
-0.638690946950619   1.0221959376197143
-0.637264788509631   1.0023250505976957
-0.6358319714850162   0.9825160490958496
-0.6343714402091665   0.9623238921492381
-0.6329493053069208   0.9426625732714933
-0.6314844568800972   0.9224107307902618
-0.6300547738904689   0.9026450579917236
-0.6286127953846095   0.8827093970542235
-0.641592396730492   0.8683255802447598
-0.6561269330846713   0.8540700399180694
-0.6703480097956036   0.840121942255954
-0.6845592556061972   0.8261834867862565
-0.6988270992415737   0.8121895199088378
-0.7132340396583365   0.7980591262663648
-0.7274687973229488   0.7840976102617487
-0.7416367538412021   0.7702016131297396
-0.755966023736039   0.7561907755060484
-0.7703266340413799   0.7422826574420824
-0.7848439359657298   0.7284392511505513
-0.7994287444694104   0.7149011018069205
-0.8145185707695864   0.7016359499158544
-0.8304778002514003   0.6897252909346863
-0.8404323311902926   0.6972910329319282
-0.8345575001932072   0.7162844946838658
-0.8279789107128211   0.7349348631081027
-0.8229609625661346   0.754525635295574
-0.8217126520154688   0.7745145829917233
-0.8275805873836014   0.7933492939588467
-0.8407542669186376   0.8083369998879117
-0.8543297272888385   0.8227913370873732
-0.8659644312564263   0.8388539543576519
-0.8767322465232907   0.85599438518248
-0.8864563879373918   0.873348875515489
-0.8953659930237542   0.8911477844605726
-0.9035030869373438   0.9097148915854736
-0.9111728808098314   0.9282317931303066
-0.9187099122377393   0.9464281711831131
-0.9264452248229978   0.9651032521489182
-0.9344341004823994   0.9741155581734935
-0.9438027102540825   0.9562354785429039
-0.9529887538781594   0.9387038281175655
-0.9622900926913379   0.9209521357423105
-0.970778844655926   0.9027733649083416
-0.9773226878454994   0.8836797868074933
-0.9828052155418037   0.8645484427300016
-0.9876901988839898   0.8452195897825132
-0.9921538020570073   0.8256571797894607
-0.9962210980707834   0.8061550120705192
-0.9999787388203131   0.7865654296404219
-1.0034579440051348   0.7668765955487173
-1.006685692015469   0.7470089392417232
-1.0096384747742293   0.7271354778135337
-1.0122954594585885   0.70741562252796
-1.014671640728534   0.6877021786643276
-1.0167782694834169   0.6678400393696751
-1.0189566877726042   0.6480106323753807
-1.0214106174801594   0.6279425987046783
-1.0240809795381736   0.6080754966383615
-1.026981466437372   0.5882780362857098
-1.0301342704993033   0.5684529462928327
-1.0335194226939342   0.5488212499320049
-1.0372074020770634   0.5291447114482399
-1.0411720231531283   0.5098147608530059
-1.0456676414074062   0.49008501869774723
-1.0507268767412494   0.4707007652694597
-1.0567790906496355   0.4518194179388324
-1.0651405633539843   0.4335586967980427
-1.0721446878648169   0.41486618212955406
-1.0773289921177036   0.39567582194101947
-1.0812795712985697   0.3760059413496979
-1.0842537426104668   0.3561926612715818
-1.0864473817759404   0.3363837291488485
-1.0880264410099891   0.3162613084515653
-1.089043541214639   0.29637151043907584
-1.089593416700767   0.2762326230183918
-1.0897122790910716   0.25632955387756073
-1.089445309881371   0.2364414433574531
-1.088808619698057   0.21631307451878312
-1.087833646176325   0.19639781041702986
-1.086522240972772   0.1764237569208531
-1.0848844145170042   0.15647661735060248
-1.0829301772386288   0.13664209502662916
-1.0806256632952407   0.11665124077940403
-1.0780140722778992   0.09695644787335667
-1.0750514101394484   0.07730745509043713
-1.071673116090251   0.05749245118892854
-1.0678599401404687   0.03767681912453558
-1.0636644155607287   0.01835461922238979
-1.0588599108045313   -0.0011706141030034534
-1.05340189674074   -0.0205413827952019
-1.0472488734843561   -0.039329482693081674
-1.0399997295430237   -0.05787228165648117
-1.0311738869519922   -0.07582942294394557
-1.0197998133775132   -0.0922881671736393
-1.0038565097362349   -0.10384422618093447
-0.9839217389696345   -0.10567764449098904
-0.9638738272279674   -0.10725248356286632
-0.9439895029506713   -0.10895659437880245
-0.9239611558033334   -0.11074495665930617
-0.9042493026847777   -0.11255089563807807
-0.8842592757619588   -0.11441641111812229
-0.8644374764218826   -0.11629303566357296
-0.8443184153037563   -0.11822046971692357
-0.8245489481906341   -0.12013358516068551
-0.8044510263647004   -0.12209575083097834
-0.7846062399575922   -0.12404869589240164
-0.7646744625201798   -0.12602451947935167
-0.744745601945743   -0.12801352214969475
-0.7249013313671   -0.1300068161811614
-0.7052155296936937   -0.13199628358719284
-0.6852392186460015   -0.13402709023126724
-0.6652755672726989   -0.13606845353472852
-0.6453740844378861   -0.13811513680880783
-0.6255907695670877   -0.140160063715578
-0.6056013100411648   -0.1422177931019013
-0.5857675315141351   -0.14424450031099156
-0.5656156729325728   -0.146288406256174
-0.5457132196733947   -0.14829174452997163
-0.5261034378171323   -0.15025051825816704
-0.506095587653514   -0.15223317624289812
-0.4860201961191135   -0.1542057830735435
-0.46619530976643775   -0.15613646377230728
-0.4464677643535202   -0.15803945604834935
-0.42650211326302756   -0.15994537495505412
-0.40646197075246837   -0.16183599452537778
-0.3865339920154689   -0.1636908220082769
-0.36655777114819266   -0.16552069539797376
-0.34685375300587307   -0.16729061914948784
-0.3268577177863048   -0.16904125889422517
-0.3070659916532301   -0.17071139879287323
-0.2870189717468692   -0.17230168008420366
-0.26707681927951854   -0.17366135572178742
-0.24712806377466423   -0.1745360066379078
-0.22752812477921713   -0.17876567451895808
-0.2350588045620552   -0.18835799306030254
-0.2548057502452983   -0.1894515946177906
-0.27507440661202076   -0.1896518425174607
-0.29496678118774744   -0.18946117725529987
-0.31496201371594656   -0.18903810944559551
-0.33493124763876025   -0.18845504144957914
-0.355159848577969   -0.18774150013327673
-0.3748271781512449   -0.18695361477982053
-0.39504057768802103   -0.18606413215507134
-0.41489874768767043   -0.18512343735333125
-0.43499399751439793   -0.1841129756640334
-0.45494890412869315   -0.1830580198193199
-0.4749273989318723   -0.18195559209528
-0.4948451058172636   -0.18081460320406584
-0.5146252854495212   -0.17964334613867483
-0.534796945886729   -0.1784124974098591
-0.5547179913059554   -0.17716307954928734
-0.5746370476300997   -0.17588196279486135
-0.5945118057445227   -0.17457346468318247
-0.6146186170792913   -0.17322020356761514
-0.6346107772009932   -0.17184626498926492
-0.6544528610552394   -0.17045544320746608
-0.6744353483325638   -0.16902802398051198
-0.6945328573858822   -0.1675657825372987
-0.7143938293199872   -0.1660948645569278
-0.7343173998802814   -0.16459364773274254
-0.7542793958616156   -0.16306382277347287
-0.7742556440588391   -0.16150708038784778
-0.7938948632773575   -0.15995123957801782
-0.8141542042803559   -0.15831960617245033
-0.8340281698943487   -0.15669225576013668
-0.8538196949036313   -0.15504475075638524
-0.8738262859957092   -0.15335132654750794
-0.893697357444168   -0.15164060334953988
-0.9137239752725864   -0.1498863962640613
-0.9335578298817335   -0.1481180231334629
-0.9534817191042839   -0.14630899266239505
-0.9734564472530239   -0.14446070877539907
-0.9931395871489025   -0.14260338750399582
-1.0133873091748757   -0.1406528941105809
-1.033250410061729   -0.13869709073975112
-1.0529780716371406   -0.13670950362709333
-1.0727912814719442   -0.13466369439810588
-1.0928759966656778   -0.13253363371238325
-1.1128578290469988   -0.13035145952775795
-1.132636509561366   -0.1281210082954003
-1.152578289966534   -0.12579001132898626
-1.1722669832734185   -0.12339302153541576
-1.1921633970967218   -0.1208537241239076
-1.211741392054312   -0.11821110909279886
-1.2315818711019255   -0.11534220780374382
-1.2515473315361603   -0.11231315306550127
-1.271130089455463   -0.109274541646875
-1.2909129548612328   -0.106145579743262
-1.3107673128676929   -0.10295170021134026
-1.3305765125745748   -0.09971617464479476
-1.3502352978739207   -0.0964602135322481
-1.3700726275566502   -0.09313158297366031
-1.3895834711089938   -0.08981701008585574
-1.409537143744148   -0.0863862811094136
-1.429007803308279   -0.08299888975231018
-1.4487630178846609   -0.07952145623472084
-1.4682981890454188   -0.07604149066776333
-1.488343535184823   -0.07242602292069122
-1.5079712133730778   -0.06883921257284498
-1.5274743599713807   -0.06522538112893517
-1.5470916119500773   -0.0615346678192048
-1.5666293627898065   -0.05779531412525096
-1.5865303573396874   -0.05390906181296429
-1.6060873082062646   -0.049995688347971745
-1.6254612673060842   -0.04599755844167319
-1.6452626613739008   -0.04190440037677656
-1.6648096051057397   -0.038011484098501525
-1.6844453066483775   -0.0342555873931738
-1.7041575985738269   -0.030654429527148697
-1.7238262556206343   -0.027253926200724532
-1.7435872710055216   -0.02407337374991525
-1.763514352757679   -0.021188928339501034
-1.783310296666981   -0.01884357276439741
-1.8032087327961694   -0.017920822210074183
-1.8037996235007658   -0.03301998718922672
-1.7910228242385844   -0.04821301474483919
-1.776717554254134   -0.062372461618191766
-1.7618428418625638   -0.07587196951868314
-1.7466836816816846   -0.0888881800133261
-1.7313527649044662   -0.10152618010497227
-1.715595895321353   -0.11409421576581891
-1.7000745972086642   -0.12613255281139701
-1.6838580001383088   -0.13839860589495823
-1.667888675599899   -0.15019926095316505
-1.6516990854424063   -0.16190235853221968
-1.6353959263445217   -0.1734361101667079
-1.618859939353228   -0.1848839643091078
-1.602399649870662   -0.19603026279829971
-1.585663639957202   -0.20710463429765058
-1.568959110359871   -0.21788894725105323
-1.5519405434394042   -0.22858375047252744
-1.53471709594986   -0.2390831956764352
-1.5176219088579634   -0.2491485160555229
-1.5001708491137755   -0.259009096442383
-1.482559774769622   -0.2684734459151674
-1.464837105677427   -0.2775386106340221
-1.4468235917665364   -0.286314975191986
-1.4287733285840312   -0.29468372298202694
-1.4104066640991508   -0.30277984169612626
-1.3919883368062693   -0.3104923038066789
-1.3732304329348364   -0.3179476131449812
-1.3547013833645627   -0.32493489292862465
-1.3358231093755724   -0.33168716912355345
-1.316884416547065   -0.3381076693791656
-1.2978883793296503   -0.3442102014145285
-1.2785237852078983   -0.3501014664277575
-1.2594203281518208   -0.3556044031241543
-1.2402746841769992   -0.3608281410483791
-1.2207598883640451   -0.36586860901521745
-1.201204848559237   -0.37064755059034793
-1.1819647535681261   -0.3750983889128543
-1.1623616122318696   -0.3793910496895798
-1.1427456004329726   -0.3834552600234591
-1.1231272417343177   -0.3873012922705117
-1.103517695096635   -0.39093904409134095
-1.0839287093701335   -0.39437804879564364
-1.063985670575669   -0.397689989571957
-1.044468428554818   -0.400756392436052
-1.0246095178617594   -0.4037085741618258
-1.0048095302468734   -0.40649243338271224
-0.9846680493557483   -0.4091696302769847
-0.9650216735287324   -0.41163872555045744
-0.9450491980813334   -0.4140123961994846
-0.9251802947186835   -0.4162444372624332
-0.9054304056483096   -0.4183419306701026
-0.8853658792369816   -0.42035551676229543
-0.8654380904422561   -0.4222443422919293
-0.8456632562261418   -0.42401485255415294
-0.8255874184127912   -0.42571186517924464
-0.8056835967702476   -0.42729943139299587
-0.7859685901943609   -0.42878340368498735
-0.7659680292526749   -0.43020326130464204
-0.7461323422625878   -0.43155266348366483
-0.7259950666195756   -0.432920090098335
-0.7060349781576778   -0.43427548477425004
-0.6861303946112414   -0.4356271103753413
-0.6661525299995101   -0.43698371214504683
-0.6460517353286206   -0.4383486615104064
-0.626326153523842   -0.4396881319545658
-0.6062008746175818   -0.44105474392790056
-0.586468356208407   -0.4423946854038737
-0.5664484159392715   -0.44375414433135907
-0.5464790216256883   -0.44511017092340277
-0.5264204667028374   -0.4464722519883678
-0.5065113565702799   -0.44782418496839393
-0.4952859493670769   -0.4489710321825322
-0.5150072673793147   -0.44932806491263455
-0.5351618628425512   -0.44969294165352436
-0.5551506165773161   -0.45005481601267394
-0.5750746931247028   -0.4504155194626196
-0.5949507220032522   -0.4507753530624682
-0.6151731361197479   -0.4511414575853403
-0.6352041268152735   -0.4515040965981205
-0.6551410140667449   -0.4518650319717462
-0.6751463602229961   -0.4522272067184028
-0.6949720628006764   -0.4525861292160328
-0.7150562895154688   -0.4529497320082768
-0.7351922845154688   -0.4533142728676518
-0.7550377750985726   -0.45367355529926745
-0.7751022138079415   -0.4540368015641213
-0.7951075599641928   -0.4543989780183759
-0.8150444472156642   -0.4547599150937566
-0.8350754379111895   -0.45512255581632377
-0.8549564661634074   -0.45548248162131044
-0.8748428464295313   -0.4558425043190678
-0.8950979574536214   -0.45620920251233776
-0.9150867111883864   -0.45657107857766954
-0.9350218828101858   -0.4569319845933191
-0.9549626246638604   -0.4572929914523538
-0.9479985635658   -0.46815397477461906
-0.9335732590833399   -0.4817524601967532
-0.9190100204713851   -0.4954809737407504
-0.904492985664393   -0.5091659317557116
-0.8900139400474524   -0.5228150780172546
-0.8752517946322366   -0.5367310975697239
-0.8608994221196655   -0.5502608312833208
-0.8462654707654687   -0.5640560045082768
-0.8317774892783854   -0.5777135744602878
-0.8170452264625541   -0.5915207042485552
-0.8021099609878102   -0.6050584327814454
-0.7871843479015981   -0.6181061339834664
-0.771963579227686   -0.6309466624114207
-0.7564508023585401   -0.6435786568824753
-0.7406491646866269   -0.6560007562137962
-0.7249070508894682   -0.6679540029905178
-0.7085431130618556   -0.679956766443151
-0.6922566934106948   -0.6914969913268965
-0.6757055053901027   -0.7028309977394778
-0.6592607631497578   -0.7137178441493496
-0.6421944867729237   -0.724640137280503
-0.6252515021126948   -0.7351217778960927
-0.608066308211378   -0.7454012366890453
-0.5906416675217874   -0.7554773189550498
-0.573375367985977   -0.7651316941370349
-0.5558853688888525   -0.774589372305474
-0.5381742525819142   -0.7838492366461883
-0.5202446014166637   -0.7929101703449994
-0.5020989977446007   -0.8017710565877277
-0.4841596239759298   -0.8102362088756839
-0.4660188787368562   -0.8185081944314334
-0.4476791722807234   -0.8265859708697291
-0.4291429148608741   -0.8344684958053232
-0.41085029429870845   -0.8419782145005081
-0.39193259718486373   -0.8494717103294934
-0.3732720071600366   -0.8565994578993348
-0.3546583072681577   -0.8634555309514163
-0.335872572503352   -0.8701249614855675
-0.316916969579758   -0.8766068124422634
-0.29779366521151474   -0.8829001467619783
-0.278738198402265   -0.8889316178872188
-0.2595232509612784   -0.894777269368034
-0.24062526451530486   -0.9003004036211774
-0.22110138682189429   -0.9057762920391631
-0.2019059829397547   -0.9109369614665571
-0.18256664073997375   -0.9159173668112512
-0.16308530038145452   -0.9207166689942229
-0.14371002598999594   -0.9252774382928217
-0.12420004147324137   -0.9296599774729807
-0.1045572151397951   -0.9338634785294613
-0.08503452728123251   -0.9378373283192142
-0.06538595896808586   -0.9416350785214699
-0.04586758163783   -0.9452106525329013
-0.025974203542327823   -0.9486561529850392
-0.006217660044462114   -0.9518824774159969
0.013654592065013293   -0.954934176542594
0.03338053820880371   -0.9577742744835167
0.053099736518284146   -0.9604705014659055
0.07290832946557546   -0.9633194304076261
0.0924766341435932   -0.9665661885403667
0.11209071354935052   -0.970899295431002
0.13087869870559476   -0.9779385185542782
0.145564294552601   -0.9913412494324405
0.15171318170421055   -1.0100864818747615
0.1533103735392749   -1.029923151082333
0.1535362156226141   -1.050034557714665
0.1526650782553427   -1.0698246438958137
0.15022852816762988   -1.089848131286998
0.14641193845247358   -1.109400345485009
0.1412914611959668   -1.1287350309903919
0.1349654714825832   -1.147795249137631
0.1276664582080418   -1.166206625199832
0.11922768891059188   -1.1845692105948422
0.11002976710169876   -1.202198545928282
0.10001443977133051   -1.2193822828618757
0.08904653550461505   -1.2364031146514975
0.07760590643661547   -1.2526034085949533
0.06532361842890677   -1.268582109324917
0.052479717924103664   -1.2840048919702438
0.039139397940617604   -1.2988545515438876
0.025364738042628954   -1.3131173271371086
0.010913231815419477   -1.3270639924417857
-0.0038831445932301367   -1.3403916530809121
-0.019296536817881682   -1.3533609789160586
-0.03491151414324545   -1.3656527766202777
-0.050886795150601793   -1.3779393619496663
-0.0666153235877347   -1.3900361699281654
-0.08234995138403622   -1.4021376689225429
-0.09830646513241481   -1.4144098203569204
-0.11425547050178886   -1.4266761970985535
-0.13016450101937482   -1.4389118291899172
-0.1126932046255702   -1.4397117380423057
-0.09272048888009254   -1.4396522990499072
-0.07295744525757986   -1.4395934840437448
-0.052948143004285964   -1.4395339361695503
-0.03287818741136905   -1.4394210323767722
-0.01261536714166045   -1.43882985497893
0.007330426182764693   -1.4377041302974325
0.026938608993788637   -1.436084536002728
0.04699348585784158   -1.43391331199893
0.06667725829146098   -1.4312854312322125
0.08637527507254394   -1.4281705624737429
0.10607219476588581   -1.4245766933117439
0.12575267593628192   -1.420511811334437
0.1454013771485274   -1.4159839041300446
0.16460349693432996   -1.4111071478346178
0.18414404202672086   -1.4056861965685277
0.20321076654326387   -1.3999499530118356
0.22218870931497792   -1.3937997370813546
0.24106344913979605   -1.3872430572417271
0.25982056481564886   -1.3802874219575947
0.2784456351404683   -1.3729403396935993
0.29692423891218667   -1.365209318914383
0.31524195492873464   -1.3571018680845879
0.33338436198804455   -1.3486254956688557
0.3513370388880479   -1.3397877101318283
0.36908556442667706   -1.330596019938148
0.3866155174018626   -1.3210579335524562
0.40391247661153606   -1.3111809594393953
0.42096202085363066   -1.3009726060636073
0.4380965852634957   -1.2902175703970424
0.45460212725185833   -1.2793624728503934
0.47115129614352425   -1.2679628699918974
0.4873818941658703   -1.2562495609024684
0.5032785798836912   -1.2442305331703285
0.5191395622673474   -1.2316593678980672
0.5343147986125913   -1.219047035682597
0.5494076568954145   -1.2058870932475918
0.564088286704298   -1.19244243375114
0.5786209471209318   -1.1784443668044868
0.5926904688103645   -1.1641679158858316
0.6062795540758765   -1.1496220871198772
0.6196225065490966   -1.1345230268646649
0.6324296792640567   -1.1191628304789263
0.644682736930859   -1.1035510443149867
0.6565822401948975   -1.0873900242608316
0.6678676505272869   -1.0709876696678478
0.6789286739050673   -1.0541249819111522
0.6896193604267662   -1.0374186914838186
0.700219374324047   -1.0203037319361363
0.7103308876328431   -1.003216119305545
0.7200861579180109   -0.9855513960195761
0.7288735712082759   -0.9676004508433851
0.7357401767992857   -0.9489865257151611
0.7342734310072783   -0.9297399999610335
0.7153133008757355   -0.9288736747201533
0.6962686270190122   -0.9349697594843681
0.676759541179885   -0.939556809555813
0.6569970079966425   -0.9435400200423057
0.6373906156877518   -0.9471236298594803
0.6175741743050454   -0.9504706815986449
0.5978809705440864   -0.9535627174036743
0.5780671857594446   -0.9564512885423594
0.5582791150782467   -0.959109883281861
0.5384982868450763   -0.961566388344781
0.5186386998579859   -0.9636390862678152
0.4986252345455173   -0.9640221311441035
0.5069789153575783   -0.9525782603725345
0.5249671334371468   -0.943736555385744
0.5429991832464545   -0.9356639012419602
0.5611572947754744   -0.9278573257605941
0.5799518321607695   -0.9199592565645439
0.5985227112080818   -0.9122647078387518
0.61707874662061   -0.9046459937144231
0.635678523476455   -0.8970558191269933
0.6539883842601659   -0.8896146881160647
0.6723021413778403   -0.8821925459987068
0.6907158612293127   -0.8746172397145755
0.7090413724193461   -0.866841164029761
0.7274108756534181   -0.8588341864574632
0.7457230823825669   -0.8506593733175604
0.7638867737705035   -0.8423743797992689
0.7818202900718645   -0.8340317124962455
0.8000671983646979   -0.8253844240865709
0.8179482750405929   -0.8167595554625827
0.836016666017025   -0.8078948883118231
0.8540039375275454   -0.7989210437916977
0.8718470507266867   -0.7898704331921464
0.8894829667689819   -0.7807754678031094
0.9072396867282642   -0.7714616988805196
0.9250286334977749   -0.7619641467505387
0.9423797215063994   -0.7525268054672417
0.9599404655046375   -0.7427833970784505
0.977209392329681   -0.7329899228760439
0.9947123700806619   -0.7228154494921213
1.0118818963732585   -0.7125441597142106
1.0287653974032116   -0.7020931768101212
1.0455266287424778   -0.6912622561262014
1.0622298607291758   -0.6798774889553902
1.0783864795440925   -0.6683894264837833
1.094597136744298   -0.6564794589614015
1.1103487565026091   -0.6445932682996196
1.1262515152634025   -0.6323204439652866
1.1420342565839254   -0.6199006362211666
1.15781751018282   -0.6072663706838285
1.1733349265135882   -0.5946554549744467
1.1887307116949923   -0.5819730476142031
1.2039566330167082   -0.5692759547297221
1.2194009207221277   -0.5562500704824549
1.2346024958389252   -0.5432931639773417
1.249524255011428   -0.5304507037556819
1.2647998929763342   -0.517182326883707
1.2797422019096958   -0.5040895801151952
1.2947725897317905   -0.4908101089458743
1.309645730961917   -0.47756473343479133
1.324566663607436   -0.4641747153972241
1.339290050045407   -0.45086384235769283
1.354250455621591   -0.4372404580775622
1.3689764448048622   -0.423734940587724
1.3836767977015767   -0.4101589651631772
1.3983336540859281   -0.3965298572041793
1.4129291537321094   -0.3828649421109873
1.427445436414314   -0.3691815452838585
1.4418646419067351   -0.3554969921230502
1.4563879841948806   -0.3416185423965987
1.470774128036675   -0.3277749004727264
1.4852186904506786   -0.3137757546730755
1.4994830371159908   -0.299850145010778
1.5137559142704853   -0.28581137890540176
1.5280073364277187   -0.2716839411772043
1.5420044582883734   -0.25769576866932575
1.5563159169848495   -0.2432703103581606
1.5703029446829984   -0.22904260396556753
1.5843148976355166   -0.2146505160789225
1.5979321501226575   -0.20051775710590736
1.6118291474278776   -0.18592997301282566
1.6255641942961834   -0.17132831186992203
1.6390633704323148   -0.15677365042714286
1.6525522021719752   -0.14199482635099026
1.6658908442186489   -0.12710421276728212
1.6791895435008617   -0.11192081470569026
1.6922054122404853   -0.09664125866378148
1.704877963299435   -0.08122354735178727
1.7171747826124162   -0.06551014216743156
1.7288594934280184   -0.049418304387696343
1.739605788757467   -0.03238612798113638
1.746797729825964   -0.013822993946278617
1.7428350025604615   0.005649699216161208
1.7332350405329113   0.023035969688044222
1.7210249438274272   0.038604628508462024
1.7069426074316447   0.05324126384906669
1.692302101563623   0.06644347903475034
1.6767661669112623   0.07900789500755478
1.6604141346486907   0.09107403754942411
1.6438975552321025   0.10232601550954401
1.6271455621423558   0.11295084597583394
1.6099708744475052   0.1231390714758136
1.5925128715105958   0.13284840541131504
1.5748980165183908   0.1420438635263821
1.5568047688035316   0.15090400080114375
1.538754767234777   0.15918167272551886
1.5201687857502995   0.167138347648649
1.5017952433667516   0.1744478535168259
1.4830293989828771   0.18134290126067354
1.4637080187999616   0.187830945652246
1.4448244747627554   0.19355534719379208
1.4255333181582377   0.19874610299723217
1.4057932622611022   0.20347781479313443
1.3865190450016631   0.20783386618949806
1.3666849841039541   0.21179425080689396
1.347088685073624   0.2146990631162462
1.327015668002332   0.2157996106914517
1.3072356450070983   0.21394087162294317
1.2880892356984268   0.2086282032541269
1.2697102552196782   0.20049428707503636
1.2522102867390479   0.19079280961981882
1.2352409584545647   0.18031593714897465
1.2184852404826878   0.16943852088527134
1.2017839913979023   0.1585687442232866
1.1847472666277654   0.14814182542871235
1.1673469763808217   0.1381267125109058
1.1496642173977651   0.1285213268186749
1.1317745210387575   0.11932270780971521
1.1140989252272582   0.11069401253126143
1.0956499616818074   0.10212982102841694
1.0775403403324861   0.09412567365205593
1.059102959538917   0.08635557247340109
1.0403725703573268   0.07882732996928521
1.021766002926232   0.07169183273521362
1.0029441125697978   0.0648034727156157
0.9843290634225732   0.05830239570594742
0.9651773818747005   0.05192495199687075
0.9463020507246203   0.04593847789239236
0.9269487512790238   0.04010076547089092
0.9079386956382987   0.034657121187899875
0.888511951588693   0.02938795503102698
0.8690968340316747   0.024416947187333005
0.8497260503833579   0.01975145069751405
0.8300395897530488   0.015313298584936241
0.8104680981348342   0.011208723624921646
0.7910463265849419   0.007445538294302612
0.7714264004268179   0.003966890922999955
0.7516575933097753   0.0008026919670929278
0.7317938675662568   -0.0020157247652901056
0.7118940910584266   -0.0044555533641152945
0.6920222581948852   -0.006482466130091735
0.671899099348559   -0.008084223222760922
0.6519678410946232   -0.009181059552409332
0.631985142252316   -0.009737025391786114
0.6120787506189713   -0.009679088205047481
0.5920908906918227   -0.008912057032189225
0.5722282491140751   -0.007317457126862825
0.5524607171019715   -0.004724621375332694
0.5326306349338807   -0.0008393556929624513
0.5132658836330304   0.004629835790261438
0.494863705893267   0.011975915821420324
0.4882879678799994   0.024893580733749587
0.5074190681308157   0.03026389309650601
0.5273151301907486   0.033301379612078685
0.5472939237804302   0.035630446015405104
0.567022141241778   0.037585807095376955
0.5868862934093362   0.03935239200661611
0.6067870745049659   0.04099154103296199
0.6267612718571267   0.0425534014780895
0.6467530920858868   0.0443413887362436
0.666630507181206   0.04649187341814276
0.6866245063141596   0.049016142689131126
0.7064359931322102   0.051863691393900346
0.7260324637277309   0.05501107387497983
0.7456526226108848   0.05848553957607505
0.7655364767253694   0.062332321687084136
0.7848498873799703   0.06638016504343724
0.8046367694975856   0.070844898022556
0.8237995517192136   0.0754764566062387
0.8433737807214747   0.08052309779564903
0.862534732090217   0.08577708422450714
0.8817779791123286   0.09137320549234862
0.9010658442249824   0.097313040881579
0.9198539307483564   0.10342883100663136
0.9388676154453002   0.10996395180601137
0.9575634387608538   0.11674655638446874
0.9763869699194938   0.1239544677809381
0.9948069776475243   0.13140165115513924
1.0132436556918734   0.1392769811193506
1.031623430147691   0.14758633095958373
1.0494388841118583   0.1561232489059814
1.067472951897555   0.1653073365746418
1.0847951770368032   0.17471334430392527
1.102110085044579   0.18477867902413037
1.119249732104298   0.19551580707454952
1.135710574830235   0.20641421983498542
1.1524081329990286   0.21748986482953003
1.1690274444729698   0.22851360806662036
1.1859028724170582   0.239707235730638
1.1753952052415504   0.2465766135993761
1.1561972504449498   0.2521576379899402
1.1370458338731093   0.2577251332848154
1.1179540064332945   0.2632753054636201
1.098646737611876   0.26888810846004074
1.0794736267345324   0.2744619104917234
1.060155475656308   0.2800778770616239
1.0408260912807359   0.28569710925576164
1.0218699020059474   0.29120785015580153
1.0023804918987973   0.29687360332160107
0.983271112431876   0.3024288780382762
0.9642559093415066   0.3079567748045333
0.9449886318387368   0.3135579519518912
0.929305389502515   0.3205621804726313
0.9390316426628038   0.33825695767469455
0.9486197289318543   0.3557003706240631
0.9582038589205872   0.3731365859920379
0.967931150314365   0.3908332520314539
0.9774845107268435   0.40821348892678855
0.9870654246346637   0.42564385334329424
0.9967644699702904   0.4432891318959171
1.0063817428148876   0.46078564339650385
1.0160375980131042   0.478561178524475
1.0250338319053989   0.4960568958115006
1.0338587342518553   0.5141973256288008
1.0422681038341683   0.5324189607341654
1.0502648171087952   0.5506308944423848
1.0580736939371245   0.5692897767807943
1.0654689848432826   0.5878035829217318
1.072561846015898   0.6063812008274154
1.079452606204414   0.6252552919050802
1.086033375320671   0.6441016238129396
1.092399132079088   0.6631645133867918
1.0984491673930181   0.6821159060961901
1.1042726013143196   0.7012093888817224
1.1098604751556032   0.7204112436378591
1.11520383022948   0.7396877522590697
1.1202937078485617   0.7590051966398255
1.1251211493254591   0.778329858674597
1.1297451222202368   0.7979245311415353
1.1340799068807494   0.817456583095741
1.1381161247479108   0.8368907161468013
1.141952468907442   0.856774055610678
1.1454516643291455   0.8764773761177271
1.1486034537604306   0.8959620721099779
1.1514742406371816   0.9157507623316294
1.1540198558242007   0.9357761129448448
1.1561404785296778   0.9554227002019431
1.1579043952449695   0.9756992158308506
1.1591668999379081   0.9954487571217578
1.159938418742756   1.015609192399396
1.1601297712413676   1.0353109298499392
1.1601126576988112   1.055360343416171
1.160095477240504   1.0754881522971944
1.1600784066919694   1.0954871961090338
1.160061300048055   1.1155285275544693
1.1555234445535554   1.1175434570205018
1.1459279129678173   1.0998030111856862
1.1364094117317811   1.0822049808840082
1.1269209478223936   1.064662484302549
1.1173641229052702   1.046993600272505
1.1078626464846892   1.0294270458524633
1.0984931489263339   1.0121044970756459
1.0890006953746685   0.9945546243491457
1.0792979935369758   0.9766410531713103
1.0697779512334464   0.9592480018586205
1.0600127612523669   0.9416380990145372
1.0503502560496258   0.9244582945461839
1.0404301162198837   0.9070886604751522
1.0302463304250753   0.8895549878820779
1.0201317168793866   0.8724527592331506
1.0098991763436693   0.8554805445438247
0.9993634555018893   0.8383630681843521
0.9886772820519618   0.8213813724160386
0.9778205184616078   0.8045279187355585
0.9667710351350061   0.7877928816624316
0.9555046314008129   0.7711640463460312
0.9441673984723664   0.754871141682782
0.9325616173702862   0.7386434558470705
0.9206576114512597   0.7224622667262479
0.9086019231736966   0.7065385443913534
0.89636867348149   0.6908387517237964
0.883747443261822   0.6751025246822775
0.8710778681405014   0.6597520364682437
0.8581527138618581   0.6445243733728514
0.8449461013697839   0.6293859982775101
0.8316332368370118   0.6145249342453631
0.8179972538597   0.5996859142280386
0.8044360994459754   0.5852805647663302
0.790524928300691   0.5708364789716773
0.7764638237315657   0.5565482908013126
0.762477282649983   0.5426173317443654
0.7481118604452512   0.5285728197656392
0.7335893342260853   0.5146193368848602
0.7191583961960424   0.5009725826700018
0.7045868898448839   0.4873911548270511
0.6896173641564047   0.4736242408995497
0.6750307692895605   0.46031098121798775
0.6600651365592847   0.4466527759465502
0.6452874562236679   0.4331661031745244
0.6306792888042341   0.41983413433297145
0.6159400544529978   0.40638254882761804
0.6010895769349012   0.39282943857984987
0.5863004549319273   0.3793323237072974
0.5715173100418407   0.36584066377515545
0.5568389404247287   0.352444625739625
0.5419836504123183   0.33888712342662375
0.5272367586150541   0.32542854944496624
0.5268023380611311   0.31730884768670053
0.5468849465279799   0.31672505025866604
0.5668825114955527   0.31614372502821686
0.586856643361942   0.3155630809933514
0.606787589234532   0.31498369236672374
0.6268642789074894   0.314397165306455
0.6468854542265383   0.31367005339451537
0.6667721857338798   0.31245953338585797
0.6722861963146101   0.30701848510109886
0.652600001697242   0.30342701193382493
0.6329060797825679   0.300586442495266
0.6133095924772287   0.2980038702429946
0.5928597779929543   0.29543944483468865
0.572972993085564   0.2930206767989445
0.5533221658563372   0.2906217508731854
0.5334220038834521   0.28790807829256293
0.5134193329520955   0.2849218936956215
0.49403482759751194   0.2818273985354709
0.4742547545087663   0.27849654793027057
0.45459729010088523   0.2750331218248554
0.4348808629423151   0.27141952663734425
0.4152405012610205   0.2676895879885457
0.39543783518008846   0.2638025618545754
0.3759442167357334   0.25985467440506915
0.3561465436671645   0.25572139666108695
0.33687098341117316   0.25157419451353036
0.3171637797435696   0.24720259275219747
0.2978592782122682   0.24278187213674274
0.278084738747014   0.23809678574501958
0.2587070630722774   0.23333087277452447
0.23961058184320017   0.2284347956430901
0.22024665505704144   0.22322730716005323
0.20093428785456346   0.21794906331020858
0.18155605008665798   0.2126680671521055
0.16242574838318435   0.20747224031860467
0.14301646804418522   0.2022215678508188
0.12364859021476526   0.1970066320922632
0.10435621058208877   0.1918404452366569
0.08517231564490046   0.18673606208746407
0.06565473389133358   0.1815819282172404
0.0463401478692802   0.1765265526020241
0.02703645216505901   0.17152635779156533
0.007582454587747867   0.16654901164658642
-0.011948562018154085   0.1616249416959068
-0.031095880641948126   0.15688076328809508
-0.050591131869241135   0.15214969986696159
-0.06996542185049859   0.14756480588991705
-0.08950372838599963   0.1430803516382
-0.109107992523781   0.13874718469525815
-0.1286898901588549   0.13461657420609452
-0.14846497167382244   0.13068377273219522
-0.16804900796970812   0.12707031976634653
-0.1876613061672987   0.12378544578525519
-0.20748626899497258   0.12086738620678616
-0.22721848836191283   0.11843586726781852
-0.2473116556759143   0.11652386082630284
-0.26733244259551525   0.11526424708028626
-0.28739394458248757   0.1147180366967624
-0.3072662372805719   0.11492864345287823
-0.3271975196696846   0.11589968774691228
-0.3470713026850001   0.11758956566877754
-0.3669788699164762   0.11992621163528394
-0.3867752086760927   0.12278102636267452
-0.4066633963070132   0.12606146960467934
-0.42605914502514053   0.12960409506821136
-0.4456564664705325   0.13359703700116143
-0.4652677706034316   0.1380041468029738
-0.48486818751984706   0.14281405231057143
-0.5039186555757573   0.14787358535793094
-0.5234246024193645   0.15344511013177065
-0.542335921702968   0.15922465299172384
-0.5613971950551715   0.16542847485670675
-0.5803283605227159   0.17196991656362726
-0.5991055170478077   0.1788380489698933
-0.6177047635726538   0.18602194293291574
-0.6363460264722991   0.19361252875767687
-0.6547551909041793   0.20150475789033395
-0.6729073869643032   0.2096872581678102
-0.6910108911979436   0.21826179976578985
-0.7087992269798169   0.22711080108148374
-0.7264707606541803   0.23634244338231047
-0.7442037203843643   0.24607786720166192
-0.7615112665119577   0.2560705910316945
-0.7785720573048791   0.2664367984238738
-0.795539364433157   0.2773040794487045
-0.8119535224818989   0.2884047738086615
-0.8281560552213878   0.2999993967100285
-0.844246358272278   0.3122278252894637
-0.8596025451851569   0.3246672784015605
-0.874829906602155   0.3378786295343872
-0.889577012646281   0.35132761273989166
-0.9042566749501161   0.36482285343445886
-0.9188511572162162   0.37847829780570974
-0.9329399836080087   0.39264468964422217
-0.9217148555835831   0.39005585265541987
-0.9047906896040713   0.37944637835016337
-0.8877293339729262   0.36842688807036983
-0.8709952198566948   0.3579148295052037
-0.8539400698279679   0.3476093089292236
-0.8365383325873752   0.3373712222618821
-0.8191235550193104   0.3273399366286982
-0.8018087142776213   0.3175475260294256
-0.7842077094262063   0.3077647025251089
-0.7669792250748872   0.29835503553919396
-0.7493241156412682   0.2888931744527088
-0.7316131200014948   0.2796105814423402
-0.7137015892612566   0.27047200469506194
-0.6959296555115617   0.261477725169458
-0.6779174438363325   0.2523618422856302
-0.6601758896612901   0.24338293769840558
-0.6422010538255936   0.23428597052476463
-0.6244005924974312   0.22527725334603033
-0.6204780653321182   0.23709569664772956
-0.6220812079734837   0.2569658558070915
-0.6236934145166884   0.2769483575412841
-0.6253004918361771   0.29686728508751803
-0.6265554981775068   0.3166885282194907
-0.6262616601585589   0.33686413636464985
-0.6216226300146841   0.35618881127012325
-0.6089900970189237   0.37136045306164567
-0.5914950343532845   0.3807411616249854
-0.5725622386357165   0.3873257982195839
-0.5533968472291366   0.39275757964838887
-0.5341747013399423   0.3983527591900726
-0.5152815616394073   0.4047979282710106
-0.49677229095725495   0.41191836124855796
-0.47815656347414137   0.41983322234237863
-0.45997138382446656   0.4282882225673095
-0.4422637882278062   0.43724533580911706
-0.42471125909371255   0.4469237195579143
-0.4074706159683523   0.4573973165153593
-0.3910593697785554   0.46864519600166266
-0.3755914436025962   0.4813493073686914
-0.36327464735829706   0.4967750745766253
-0.3724866254139052   0.5114849455692381
-0.3906268593998061   0.5195115326995461
-0.40967098521695244   0.5262669118829328
-0.42848950312417133   0.5320784685763544
-0.44796995589810473   0.5374461260678847
-0.46741356925881505   0.5422513488044924
-0.48698799045003316   0.5467121828154273
-0.5062496688828346   0.5507956099967259
-0.5261946699342752   0.5543591546597975
-0.5460234436158216   0.5564712218200205
-0.5657013052724564   0.555337744604272
-0.5841148215059768   0.5475476930466552
-0.5985447938123427   0.5336806301792234
-0.6105555019893372   0.5175843254982513
-0.6228077755570327   0.5022139689433764
-0.6393441836560929   0.49237997211281725
-0.6411797184795105   0.5107506164039797
-0.6317757099001371   0.5284091751661069
-0.6204900922886003   0.5450113131153955
-0.6084005003284563   0.5610031710135739
-0.5959069433155406   0.5764332708470326
-0.5828932956382029   0.5916785150084527
-0.5694422251100026   0.6067374371375092
-0.555823628014745   0.6213668596218889
-0.5419274188680703   0.635716156205274
-0.5278728964287795   0.649820214389162
-0.5137423868258109   0.6641017707408192
-0.49972743509319395   0.678516359559679
-0.48606501209689634   0.6930289832751213
-0.47289985301445103   0.7079144271780291
-0.4606268602581607   0.7238864747341438
-0.4519407238993276   0.7415223231514259
-0.45572892413483745   0.760732215257196
-0.47008047687682386   0.7745811122535149
-0.48573435089659744   0.7868649598521271
-0.5001400198912904   0.8006932317349711
-0.48808636815073236   0.8053770142487808
-0.4690298798086301   0.7993329434320966
-0.45024925572767094   0.7922192295690098
-0.43173489083178174   0.7846803128416582
-0.41351588063064093   0.776948026212053
-0.39524589496960405   0.7689767132119458
-0.3767362807835497   0.7607351575156489
-0.3583506309630806   0.7527334314640597
-0.3397350428434813   0.7456970113390935
-0.3206895559062084   0.7394318856032922
-0.3017024558808308   0.7339535478590795
-0.2821985851472293   0.7289992211362164
-0.2625755123758482   0.7246112371135753
-0.24296741846866565   0.7207563614378056
-0.22320434723554028   0.7173555133026799
-0.2036716208263265   0.7144342918603548
-0.1835730085464724   0.7118553789820479
-0.16386833265902623   0.7097260121892939
-0.14403518192072418   0.7079666372481039
-0.12383706671519112   0.7065609552465202
-0.1039428639385358   0.7055528052891566
-0.08381700267713899   0.7049135538689475
-0.06412620299295657   0.7046641615656895
-0.04404765775988073   0.7048039704664597
-0.02396305135552379   0.7053595054484805
-0.003961089035041443   0.7063510493254688
0.01586272828649693   0.7077993358125321
0.0359398728278566   0.7097856623546641
0.05584374402865966   0.7123350025181723
0.07541367398841037   0.7154910477368444
0.09493344914549762   0.7194016630929663
0.1145399115204353   0.7242782579406395
0.1333887017878126   0.7301337285738989
0.15210531663841365   0.7375364780284133
0.16978775320591355   0.7465597223449989
0.18748997093445352   0.7563793314899847
0.20360515718375094   0.7678678583823486
0.1926137821984999   0.7791264517539664
0.1727079983621489   0.7823610490508361
0.15299749151472475   0.7844550895750193
0.13292538232447515   0.786196491953973
0.11310216116609895   0.7877422804425027
0.09316988823843841   0.7892141279135987
0.07315645251001168   0.7906560050700038
0.05343016091893449   0.7921322546097644
0.03325414957921691   0.7940726353558745
0.013679989650601465   0.796427269377546
-0.006171220999428906   0.799295266596026
-0.025841775398395717   0.802620271567736
-0.04575123954703897   0.8064831194105069
-0.06502274342373626   0.8107076425189321
-0.08450122287079354   0.8154731353938507
-0.10374428795362012   0.8206820777654329
-0.12315027052167093   0.8264533075493139
-0.14208351289688714   0.8326008527980329
-0.16113773935971398   0.8393208294183232
-0.17969407825933104   0.8463987378321747
-0.1981344796732769   0.8539757665673418
-0.21643581121835864   0.8620557316703885
-0.23457400306987997   0.8706419820586189
-0.2525240261623962   0.8797373835840068
-0.27008276528101005   0.8892451948195843
-0.2872359723160658   0.8991549998626036
-0.3043064268625233   0.9096706193127173
-0.3209246541280395   0.920582895814583
-0.3373936618783375   0.9321105770061733
-0.35336035745292826   0.9440276822995854
-0.3691062942142531   0.9565672381480863
-0.38429629742611615   0.9694869816513796
-0.3991887079029064   0.9830335146099616
-0.4134678772893232   0.9969488858515381
-0.42736709868292166   1.0114925127483296
-0.44059193268334007   1.0263914040790718
-0.4531233093083544   1.0416316189712518
-0.4653659614079291   1.0577818996360198
-0.47682106062653706   1.07426871470742
-0.48746733864889125   1.091076516248989
-0.49728352715970603   1.108189756324264
-0.5065525176723062   1.1262195937466544
-0.5147490363993832   1.1442248096113032
-0.5221373894055921   1.1628201392223305
-0.5286436649548258   1.1820021670779255
-0.5340233412436783   1.2011031319106382
-0.538371615436424   1.2204286936216229
-0.5418389967971522   1.2404227620305415
-0.5454695643044605   1.259938820188005
-0.5500032095803034   1.2795532894642991
-0.5560222460642588   1.2986857218242807
-0.5655636978250993   1.3160027995681087
-0.5831706626842272   1.317338080337493
-0.5953382945154679   1.3016688111167238
-0.6043130069544327   1.2836762368308348
-0.6117956507308258   1.265251467348091
-0.6185718741230135   1.2462543654199658
1.4771125254806399   0.028702521818437132
1.4843624356208687   0.015106631713532659
1.4643063860362888   0.013345925352563182
1.4446768767345306   0.01502662611672334
1.4258147654783127   0.021374086393498803
1.4095053432329063   0.03311879643084481
1.4017665769228822   0.05118754831398897
1.4174985724701763   0.05818127511086413
1.436743463205814   0.05215814510353978
1.4547051033653973   0.0430793320566647
0.34529509761185695   -0.2483653066319258
0.34426872606498016   -0.26841588446916376
0.34376077045748277   -0.28846074190307913
0.34380194424958255   -0.3085727140365584
0.34442779162924486   -0.3283391179657844
0.3457309409228344   -0.34837903721934826
0.34781650422358545   -0.36831251383054564
0.3508529286954629   -0.3880206399121149
0.35514704964478083   -0.40741863013193425
0.36142496113641354   -0.4265449596035511
0.3703920606700781   -0.4446238738100343
0.3794863420586827   -0.4623904172305935
0.3821404474193457   -0.4776549326106936
0.3661445464450721   -0.465334650982657
0.3512418381670348   -0.45226247621541693
0.3365639434935752   -0.43872777296414056
0.3232450262621289   -0.42360356865399296
0.3118885586943989   -0.40749664269776065
0.3020147902699395   -0.38994320602963195
0.2939204468107328   -0.37159846886268144
0.2875628673643478   -0.35267384625562626
0.2828982214374247   -0.33336610016900114
0.2798495185558205   -0.3135723798714356
0.2784405697931356   -0.29345101708074184
0.27866460811111393   -0.27374098275270176
0.2805190236256774   -0.25372686834840374
0.2840350931085953   -0.23384933344607295
0.2891481145789987   -0.21454114865879137
0.2959189519103411   -0.19565803668419535
0.3042328878540572   -0.1776096222922885
0.3135324117453462   -0.159998895569764
0.3231769039317971   -0.14255663544089403
0.3334410309216387   -0.1250727914894303
0.34432215042227554   -0.10866265145346721
0.35086712739777637   -0.11743875126209091
0.35093226161785207   -0.1372554370275576
0.35041719320094655   -0.1575245559031615
0.3496181044263742   -0.17730037982956204
0.3486050974735697   -0.19719819374572922
0.3474089454196818   -0.21728926855322905
0.34607795969915456   -0.2371045712584956
0.21372060297888584   -0.2584039474171753
0.21240227516211307   -0.2779898945487851
0.21229919810980613   -0.2980336602263445
0.21322028278921934   -0.31823570774130894
0.21503810778921917   -0.33790665320761737
0.21787882310761253   -0.3579319209107803
0.2218291733282931   -0.3775052042791578
0.22699542062640177   -0.3966380224478452
0.23195060924073285   -0.4162027987017287
0.23598200151169513   -0.4359089352377348
0.238320716738337   -0.455608277667617
0.2328417259660993   -0.4733210263399418
0.218541090199726   -0.4601512280854708
0.20834047500762676   -0.44306695121358264
0.1994128700955211   -0.4251482395313091
0.19124042704791555   -0.40678838262688966
0.18376116632018524   -0.3883855698955361
0.17710273919609332   -0.3697028544704992
0.1716126418277244   -0.3503156550582607
0.16804412225643173   -0.33075934460546885
0.16689673194578458   -0.3108776750545581
0.1684503695256454   -0.2907861022864897
0.17238282721360498   -0.27111852445066775
0.1780170725621686   -0.25198667500998573
0.18474083137915454   -0.23307755455066426
0.19207300567979146   -0.21469271666728917
0.20052679842464416   -0.196640282147569
0.2116261370984951   -0.1798482998698776
0.22230242159547053   -0.18826591369214718
0.22157163854242734   -0.20801603014193004
0.2188104961517281   -0.2278059547255462
1.0009456889334385   -0.22490697730753118
0.9848713404538696   -0.23660958994183856
0.968167003269917   -0.24747631739870868
0.9509810978027646   -0.25805475212840445
0.933999395419157   -0.2681375314156049
0.9165570684643156   -0.2782172528708595
0.8990628567208119   -0.2881024147184159
0.8816550115495776   -0.2977475489322148
0.8640022187403096   -0.30735127790389605
0.8465308152871236   -0.3166878709678089
0.8288760200081233   -0.3259505360951658
0.8109214805269196   -0.33518138716711277
0.7930171614857082   -0.3441707938501495
0.7752617683360943   -0.3528245586244876
0.7568355997095471   -0.361428415075397
0.7386194139886157   -0.3693083673018336
0.7198415945353873   -0.37554430537779515
0.7221289916850928   -0.3604627988013369
0.7328336944637663   -0.34348885964102105
0.7442397328136332   -0.32697056468039576
0.7560368672604629   -0.3107328821394948
0.7679189659652601   -0.2949834106317242
0.7802394489451716   -0.2791757013894358
0.7928697209374755   -0.26345841805236514
0.805552880274647   -0.24822192548718403
0.8189842122139939   -0.23309142373720593
0.8331418971220743   -0.21894666641994198
0.8486955158130018   -0.20650928953508285
0.8661282167687303   -0.19723685040922234
0.8856586617888342   -0.19222108694686946
0.9054918079573517   -0.19108937394683911
0.925712337891472   -0.19218421720991197
0.9453028537160644   -0.19431521250228223
0.9651518258105121   -0.19757294942620907
0.9846282532320867   -0.20249610465645862
1.0027187167430767   -0.21079816488547398
